1:"$Sreact.fragment"
2:I[75152,["/_next/static/chunks/01xlw8hd842-c.js","/_next/static/chunks/0d3shmwh5_nmn.js","/_next/static/chunks/0hgnuhfhd71n8.js","/_next/static/chunks/08nrfcz2fnmms.js"],"PageShell"]
3:I[23562,["/_next/static/chunks/01xlw8hd842-c.js","/_next/static/chunks/0d3shmwh5_nmn.js","/_next/static/chunks/0hgnuhfhd71n8.js","/_next/static/chunks/08nrfcz2fnmms.js"],"Seen"]
1c:I[23562,["/_next/static/chunks/01xlw8hd842-c.js","/_next/static/chunks/0d3shmwh5_nmn.js","/_next/static/chunks/0hgnuhfhd71n8.js","/_next/static/chunks/08nrfcz2fnmms.js"],"InkRule"]
1d:I[23562,["/_next/static/chunks/01xlw8hd842-c.js","/_next/static/chunks/0d3shmwh5_nmn.js","/_next/static/chunks/0hgnuhfhd71n8.js","/_next/static/chunks/08nrfcz2fnmms.js"],"InkHeading"]
c6:I[76440,["/_next/static/chunks/01xlw8hd842-c.js","/_next/static/chunks/0d3shmwh5_nmn.js","/_next/static/chunks/0hgnuhfhd71n8.js","/_next/static/chunks/08nrfcz2fnmms.js"],"EraseLink"]
c7:I[97367,["/_next/static/chunks/01xlw8hd842-c.js","/_next/static/chunks/0d3shmwh5_nmn.js"],"OutletBoundary"]
c8:"$Sreact.suspense"
ca:I[23562,["/_next/static/chunks/01xlw8hd842-c.js","/_next/static/chunks/0d3shmwh5_nmn.js","/_next/static/chunks/0hgnuhfhd71n8.js","/_next/static/chunks/08nrfcz2fnmms.js"],"InkBreak"]
:HL["/_next/static/chunks/0n3g8u-gvnak7.css","style"]
4:T1972,M224 307 c-1 -1 -3 -4 -4 -7 -1 -2 -3 -5 -5 -6 l-3 -3 -2 4 c-4 9 -8 10 -13 2 -2 -4 -10 -12 -11 -12 -1 0 -1 1 -1 3 0 2 -1 4 -3 5 l-3 3 -2 -2 c-1 -1 -2 -4 -3 -6 -4 -7 -12 -13 -15 -10 -1 1 -2 0 -4 -2 -4 -3 -3 -17 0 -21 l3 -2 2 2 3 2 0 -2 c0 -2 1 -4 1 -5 1 -2 1 -2 -2 0 l-3 3 -2 -2 c-2 -3 -2 -3 -4 -1 -3 2 -7 1 -10 -3 -8 -8 8 -24 16 -16 l3 2 5 -5 c7 -7 20 -13 29 -13 4 0 6 -1 3 -3 -1 -1 -1 -2 1 -4 5 -5 13 -5 19 1 l3 2 -2 3 -2 2 4 1 c4 1 4 1 2 -1 -1 -2 -1 -2 1 -5 4 -6 8 -8 9 -7 1 2 2 1 4 -2 3 -2 3 -3 5 -2 1 1 1 1 0 -2 -2 -3 -2 -3 0 -5 2 -2 2 -3 1 -4 -2 -2 -2 -2 -5 3 -6 9 -7 10 -10 7 -3 -3 -1 -8 4 -14 4 -4 5 -4 6 -2 2 1 2 1 0 -3 -2 -4 -2 -4 0 -6 1 -2 1 -2 0 -2 -1 0 -3 -2 -5 -4 l-4 -4 2 -3 c3 -3 14 -2 17 2 4 3 4 4 0 7 l-2 3 3 0 c1 0 3 1 4 2 l2 2 3 -3 2 -3 3 2 c2 2 3 4 3 8 0 5 0 5 1 3 2 -2 2 -2 1 -3 -1 -1 -1 -2 1 -3 1 -2 1 -2 -1 -2 -1 0 -3 -1 -4 -2 l-2 -3 2 -2 c3 -3 6 -3 9 0 2 2 2 2 0 4 -1 2 0 3 2 1 0 -1 2 0 4 2 3 5 4 5 1 7 -1 1 -1 2 0 2 2 3 -4 7 -8 7 l-2 -1 2 2 c3 4 4 7 2 10 l-2 2 -7 -6 c-3 -4 -6 -6 -5 -5 2 3 -1 18 -4 21 l-2 3 -3 -2 c-1 -1 -2 -4 -3 -5 -2 -4 -1 -4 -7 2 -3 2 -6 5 -7 6 -2 1 -2 1 -1 2 9 4 21 16 24 25 1 5 1 5 -1 7 -2 3 -2 3 -5 1 -2 -1 -2 0 1 3 2 2 4 4 5 6 1 1 1 1 1 -2 0 -3 1 -4 2 -6 l3 -2 3 3 c4 5 4 10 0 14 l-2 3 -3 -2 -2 -2 -1 4 c0 3 -1 6 -5 9 l-4 5 2 2 c3 2 2 6 -2 10 l-2 2 -4 -3 -3 -3 3 -3 2 -3 -4 1 c-7 1 -13 -1 -20 -7 -3 -2 -3 -2 0 1 2 2 3 4 3 5 0 1 4 2 10 3 1 1 4 2 5 3 l2 3 -4 4 c-4 3 -10 7 -11 7 0 0 -2 -1 -3 -2z m-34 -26 l2 -3 -5 0 c-7 0 -15 -4 -19 -9 -2 -2 -3 -3 -2 -1 0 1 2 2 2 3 1 1 2 2 2 3 0 1 7 5 9 5 1 0 3 1 4 3 3 3 3 3 7 -1z m15 -12 c2 -2 4 -3 5 -3 1 0 1 0 0 -2 -1 -1 -2 -1 -2 1 -1 1 -3 3 -5 6 -3 2 -4 4 -2 3 1 -1 3 -3 4 -5z m37 4 c-2 -2 -2 -2 0 -4 2 -2 3 -2 4 0 2 2 3 0 2 -4 -2 -3 -9 -4 -11 -1 -4 3 -1 11 4 11 2 0 2 0 1 -2z m-26 -7 c1 -3 1 -3 -1 -1 -2 2 -2 2 -1 3 2 3 2 3 2 -2z m-26 -5 c-1 -1 -1 -1 1 -4 l2 -2 3 2 2 2 0 -3 c0 -5 -4 -7 -9 -6 -6 2 -7 8 -3 11 3 3 6 3 4 0z m33 -11 c-2 -3 -3 -3 -4 -1 -1 1 -1 1 1 3 l2 2 -2 3 c-2 3 -2 3 2 0 l3 -4 -2 -3z m-18 -4 c-1 -1 -2 -3 -4 -4 -3 -2 -3 -2 0 2 5 4 6 5 4 2z m-36 -3 c3 -3 3 -3 1 -2 -2 1 -6 6 -5 6 0 0 2 -2 4 -4z M226 185 c-2 -2 -2 -3 0 -4 1 -2 1 -2 -1 -4 l-2 -3 3 -2 c4 -4 4 -4 7 -1 1 2 2 3 1 4 -1 1 -1 2 1 3 l2 3 -3 3 c-5 4 -5 4 -8 1z M161 150 c-3 -3 -3 -7 1 -10 l2 -2 4 4 4 3 -3 3 c-3 4 -5 4 -8 2z M287 136 c-2 -3 -2 -3 0 -7 0 -2 2 -5 3 -7 1 -1 2 -2 2 -3 -1 0 0 -2 1 -3 2 -2 3 -2 4 -1 1 2 2 2 3 1 0 -1 1 -1 1 0 1 1 2 1 3 1 1 -1 2 -1 3 0 0 1 1 1 2 1 1 -1 2 0 4 1 l2 2 -2 3 c-2 1 -2 2 -1 3 2 3 -4 7 -12 8 -4 1 -8 2 -9 3 -1 0 -3 -1 -4 -2z M85 134 c-1 -2 -2 -3 -1 -4 1 -1 0 -2 -2 -5 l-4 -5 2 -2 3 -2 -3 2 c-4 2 -5 2 -9 -1 l-2 -2 2 -3 2 -2 -2 -1 c-2 -2 -2 -2 0 -4 1 -2 1 -2 0 -3 -2 -1 -2 -2 -1 -3 1 -1 1 -1 0 -3 -2 -1 -2 -2 0 -3 1 -2 1 -2 0 -1 -4 1 -7 0 -10 -2 l-2 -3 2 -2 c2 -1 9 -3 19 -6 9 -2 26 -7 39 -11 21 -6 23 -7 24 -5 4 3 4 5 1 8 -1 2 -2 3 -1 2 1 -1 2 -1 3 -1 0 1 1 1 2 0 0 -1 1 -1 2 -1 0 1 1 0 2 0 0 -1 1 0 3 1 1 2 2 3 1 4 -2 1 2 4 4 2 1 -1 1 -1 0 -3 -3 -2 2 -7 4 -5 1 0 2 1 2 0 1 0 2 0 2 1 3 2 2 0 0 -2 -1 -1 -2 -2 -2 -1 0 0 -1 -1 -3 -2 -2 -2 -2 -2 0 -4 3 -4 4 -7 4 -14 1 -6 0 -8 -3 -6 -1 1 -1 2 1 3 l2 3 -2 2 c-2 1 -12 5 -16 6 -1 0 -3 0 -4 1 -2 0 -3 1 -4 1 0 0 -1 0 -2 0 -1 1 -9 3 -17 6 l-16 5 -2 -2 c-2 -2 -2 -3 0 -4 1 -2 1 -2 0 -4 -2 -1 -2 -2 0 -3 1 -2 1 -2 -1 -1 -2 0 -3 1 -4 0 0 0 0 1 1 2 2 3 2 3 -1 5 -1 2 -4 3 -5 4 -3 0 -3 0 -2 2 2 2 2 2 -1 4 -1 1 -2 2 -2 2 0 -1 -1 -1 -1 0 -1 0 -2 1 -2 0 -1 0 -2 0 -2 1 -1 1 -2 0 -4 -1 -1 -2 -3 -3 -4 -2 -1 0 -2 0 -3 1 -1 0 -1 0 0 1 1 1 0 2 -1 4 l-3 2 -2 -2 c-1 -2 -3 -3 -3 -2 -1 0 -2 -1 -4 -2 -2 -2 -2 -2 0 -4 1 -2 1 -2 1 -2 -1 1 -2 0 -4 -1 l-2 -2 2 -3 c1 -1 6 -3 12 -5 l9 -3 3 2 2 3 -2 -3 c-1 -2 -3 -5 -4 -6 l-2 -3 5 -4 6 -5 4 4 c2 3 4 5 5 7 1 1 1 1 3 -1 1 -1 5 -3 9 -4 3 -1 20 -7 38 -13 l32 -11 3 2 2 2 -2 3 c-3 3 -2 4 1 1 3 -2 6 -2 9 0 0 1 1 1 1 0 1 0 2 0 2 1 1 0 2 1 2 0 1 0 1 0 2 1 3 1 7 1 9 -2 l2 -2 3 2 c1 2 2 3 1 4 -1 0 0 1 1 1 5 2 8 2 10 -1 l3 -2 2 2 c1 2 2 3 1 3 -1 1 -1 2 -1 2 0 1 0 1 1 0 1 0 2 0 3 1 0 1 1 1 2 0 1 0 2 1 4 2 2 2 2 3 0 4 -1 2 0 2 8 2 12 1 20 4 26 9 l4 4 -2 3 -2 2 -7 -4 c-12 -5 -30 -7 -39 -3 -2 1 -3 0 -5 -1 l-2 -3 3 -2 c2 -2 5 -3 7 -4 2 0 4 -1 4 -1 0 -1 -1 -1 -2 -1 -1 1 -2 1 -3 0 0 -1 -2 0 -4 2 -3 2 -4 3 -6 2 -2 0 -2 0 -1 2 1 1 2 2 1 3 -1 1 -1 3 -1 5 0 2 0 4 -2 5 -2 2 -2 3 -1 4 5 4 2 13 -4 13 -2 0 -2 0 -1 1 1 1 1 2 -1 3 -1 1 -1 1 0 3 2 2 2 2 0 3 -1 2 -2 3 -1 3 2 2 -3 7 -5 5 -1 -1 -2 -1 -3 0 -1 0 -2 0 -2 -1 -1 0 -2 -1 -2 0 -1 0 -2 0 -2 -1 -1 -1 -2 -1 -3 0 -1 0 -2 0 -2 -1 -1 -1 -2 -1 -2 0 -1 0 -2 0 -2 -1 -1 0 -3 0 -5 -1 -2 0 -4 0 -4 -1 -2 -1 -3 0 -2 2 1 1 1 2 -1 3 l-2 3 2 1 c2 2 2 2 0 4 -1 2 -1 2 0 3 1 1 1 2 0 3 -1 0 0 1 1 2 1 2 2 2 3 1 1 -1 1 -2 0 -3 -2 -1 -1 -2 2 -6 l4 -5 3 2 c1 2 2 3 1 4 -1 1 -1 1 0 2 0 1 1 1 1 0 1 -1 2 -1 3 0 1 2 2 2 3 1 0 -1 1 0 3 1 1 2 2 3 1 4 -1 1 -1 1 0 3 2 2 2 2 0 4 -2 2 -3 2 -4 1 -1 -2 -2 -2 -2 -1 -1 1 -2 1 -3 0 -1 -2 -2 -2 -3 -1 -1 1 -1 1 -2 0 -1 -1 -2 -1 -3 0 -1 0 -2 -1 -3 -2 -2 -1 -2 -1 -4 1 -2 1 -6 2 -12 4 l-10 2 -2 -2 c-1 -2 -2 -3 -2 -4 0 0 -1 -2 -2 -3 -2 -1 -2 -1 -1 1 0 1 1 3 2 4 2 3 2 3 -1 5 -3 4 -6 4 -9 1 l-2 -2 -2 2 c-3 2 -30 7 -32 6 0 -1 -1 -1 -2 0 0 1 -1 1 -3 1 -2 -1 -3 0 -4 0 -1 2 -3 1 -5 -1z m42 -27 c-1 -1 -1 -1 -2 0 -1 1 -1 1 0 3 2 1 3 0 2 -3z m16 0 c0 -1 0 -2 -1 -3 -2 -1 -2 -1 -2 1 0 3 1 4 3 2z m-14 -8 l4 -4 -4 2 c-2 2 -4 3 -5 3 -1 0 -1 0 0 2 1 0 1 1 1 1 0 0 2 -2 4 -4z m13 -3 c0 -1 -3 -2 -4 -1 -2 2 1 4 3 3 0 -1 1 -2 1 -2z m18 -11 c2 -2 -1 -5 -4 -3 -1 1 0 4 2 4 0 0 1 -1 2 -1z m41 -3 c2 -2 2 -2 -1 -3 -3 -1 -3 -1 -2 1 2 1 2 2 1 3 -1 1 -1 1 0 1 0 0 1 -1 2 -2z m-116 -20 c-4 -4 -6 -3 -2 1 2 2 4 3 4 3 1 -1 0 -2 -2 -4z m97 -22 c2 0 2 0 1 -1 -1 -1 -1 -2 0 -3 1 0 1 0 0 -1 -1 -1 -2 0 -4 2 -3 2 -5 2 -9 -2 l-3 -3 -5 2 c-2 1 -4 2 -3 2 1 0 2 1 4 2 l2 2 2 -2 3 -2 3 3 c2 4 3 4 5 2 1 -1 2 -2 4 -1z M306 106 c-4 0 -8 -2 -9 -3 l-2 -2 2 -3 c3 -2 4 -2 12 0 2 0 2 0 1 -1 -1 -1 -1 -2 2 -4 l2 -2 2 2 c3 2 3 3 2 4 -2 1 -2 2 1 4 l2 2 -2 3 c-3 2 -5 2 -13 0z M282 100 c-6 -2 -12 -6 -15 -12 -1 -1 0 -2 2 -4 4 -4 6 -4 15 5 l9 7 -2 3 c-2 2 -5 2 -9 1z M233 90 c-5 -3 -12 -9 -12 -11 0 -3 5 -6 7 -6 2 0 5 1 8 4 2 2 6 5 8 6 2 1 5 2 6 3 l2 2 -2 3 c-3 3 -9 3 -17 -1z M307 71 c-9 -4 -16 -6 -23 -6 -4 0 -5 -1 -7 -2 l-2 -3 2 -2 c6 -6 30 0 39 9 l4 3 -2 3 c-3 2 -2 3 -11 -2z M316 64 l-2 -3 2 -2 3 -2 2 2 2 3 -2 2 -3 2 -2 -2z M275 55 c-1 -2 -2 -3 -1 -3 2 -1 1 -3 0 -3 -1 1 -3 0 -4 -1 l-2 -3 2 -2 c2 -1 3 -2 3 -1 1 1 2 1 2 1 3 -1 6 3 5 5 -1 1 -1 1 0 3 2 2 2 2 0 4 l-3 2 -2 -2z M283 51 l-2 -3 2 -2 3 -2 2 2 2 3 -2 2 -3 2 -2 -2z M261 46 l-2 -3 2 -2 3 -2 2 2 2 3 -2 2 -3 2 -2 -2z M248 43 l-2 -3 2 -2 3 -2 2 2 2 3 -2 2 -3 2 -2 -2z0:{"rsc":["$","$1","c",{"children":[["$","$L2",null,{"locale":"zh","children":[["$","article",null,{"className":"gallery-module__3h_Zma__reading","children":[["$","$L3",null,{"as":"header","className":"gallery-module__3h_Zma__readingHead gallery-module__3h_Zma__chapterHead","children":[["$","svg",null,{"className":"gallery-module__3h_Zma__chapterArt","viewBox":"10 20 1060 462","aria-hidden":true,"children":[["$","filter",null,{"id":"chapter-wash-how-intelligence-accumulates-itself","x":"-5%","y":"-5%","width":"110%","height":"110%","children":[["$","feTurbulence",null,{"type":"fractalNoise","baseFrequency":".03","numOctaves":"2","seed":"3","result":"n"}],["$","feDisplacementMap",null,{"in":"SourceGraphic","in2":"n","scale":"6"}]]}],["$","filter",null,{"id":"chapter-soft-how-intelligence-accumulates-itself","x":"-20%","y":"-20%","width":"140%","height":"140%","children":[["$","feTurbulence",null,{"type":"fractalNoise","baseFrequency":".015","numOctaves":"3","seed":"7","result":"n"}],["$","feDisplacementMap",null,{"in":"SourceGraphic","in2":"n","scale":"24"}],["$","feGaussianBlur",null,{"stdDeviation":"2.5"}]]}],["$","filter",null,{"id":"chapter-edge-how-intelligence-accumulates-itself","children":["$","feGaussianBlur",null,{"stdDeviation":"16"}]}],["$","mask",null,{"id":"chapter-mask-how-intelligence-accumulates-itself","children":["$","rect",null,{"x":34,"y":44,"width":1012,"height":414,"fill":"#fff","filter":"url(#chapter-edge-how-intelligence-accumulates-itself)"}]}],["$","g",null,{"mask":"url(#chapter-mask-how-intelligence-accumulates-itself)","children":[[["$","path","151",{"fill":"#a8cbe6","opacity":0.55,"d":"M60 300 C40 220 90 150 170 140 C240 130 300 160 330 220 C360 280 350 360 330 420 C305 470 230 478 160 470 C95 462 50 430 45 380 C40 345 70 330 60 300 Z","filter":"url(#chapter-soft-how-intelligence-accumulates-itself)"}],["$","path","110",{"fill":"#f3d9a4","opacity":0.45,"d":"M110 330 C120 280 190 265 240 290 C290 315 300 380 270 420 C240 455 170 455 135 425 C105 400 100 365 110 330 Z","filter":"url(#chapter-soft-how-intelligence-accumulates-itself)"}]],["$","g",null,{"transform":"translate(0 483) scale(1 -1)","filter":"url(#chapter-wash-how-intelligence-accumulates-itself)","children":[["$","path","#f8f4ea6514",{"fill":"#f8f4ea","d":"$4"}],"$L5","$L6","$L7","$L8","$L9","$La","$Lb","$Lc","$Ld","$Le"]}],["$Lf","$L10"],"$L11"]}]]}],"$L12","$L13","$L14","$L15"]}],"$L16"]}],"$L17"]}],["$L18","$L19"],"$L1a"]}],"isPartial":false,"staleTime":300,"varyParams":null,"buildId":"ALs3Wi7CcvhIvkXsfHsP0"}
5:["$","path","#b6a6d851",{"fill":"#b6a6d8","d":"M1010 432 l-2 -3 2 -2 3 -2 2 2 2 3 -2 2 -3 2 -2 -2z"}]
6:["$","path","#9dbde3115",{"fill":"#9dbde3","d":"M917 411 l-2 -3 3 -3 2 -3 3 2 2 3 -3 3 -3 3 -2 -2z M926 404 c-5 -5 -5 -5 -1 -8 l2 -2 2 2 c4 4 5 7 3 10 l-3 2 -3 -4z"}]
7:["$","path","#8fc4c8182",{"fill":"#8fc4c8","d":"M814 385 c-4 -4 -4 -4 0 -7 l3 -3 3 2 c2 3 2 5 -1 9 l-3 2 -2 -3z M824 373 l-5 -5 3 -3 4 -3 2 2 c1 2 3 4 3 6 2 4 2 4 0 6 l-3 2 -4 -5z M813 373 l-2 -3 2 -2 3 -2 2 2 2 3 -2 2 -3 2 -2 -2z"}]
8:["$","path","#a9c98a397",{"fill":"#a9c98a","d":"M668 356 c-2 -3 -2 -3 -1 -10 2 -10 3 -12 13 -17 l7 -3 3 2 2 2 -8 11 c-5 7 -9 13 -11 14 l-3 3 -2 -2z M699 337 c-2 -1 -5 -7 -8 -12 l-6 -9 2 -3 c3 -2 3 -2 6 -1 4 1 4 1 6 0 3 -3 6 1 8 10 2 11 1 12 -2 15 -3 4 -3 4 -6 0z M661 334 l-2 -3 3 -4 3 -3 3 2 2 3 -3 4 -4 3 -2 -2z M717 330 c-8 -3 -12 -10 -8 -14 l3 -2 7 7 7 7 -2 2 c-2 2 -3 2 -7 0z M675 327 c-3 -3 -2 -8 2 -12 l3 -2 3 4 4 4 -2 3 c-5 4 -7 5 -10 3z"}]
9:["$","path","#ecc46a412",{"fill":"#ecc46a","d":"M516 294 c-2 -3 -2 -3 -2 -16 1 -14 1 -15 7 -19 l5 -3 5 5 6 6 -6 12 c-4 6 -8 13 -10 14 l-3 3 -2 -2z M492 272 l-2 -2 4 -6 c3 -3 7 -9 10 -13 10 -14 10 -14 17 -4 l4 6 -3 3 c-1 2 -8 6 -15 11 l-13 8 -2 -3z M556 270 c-2 -1 -5 -6 -8 -10 -7 -9 -7 -12 -2 -17 l3 -2 2 2 c1 1 4 8 7 14 l5 12 -2 2 -3 2 -2 -3z M530 258 c-1 -1 -4 -6 -6 -10 l-5 -7 2 -2 c3 -2 3 -2 10 0 10 2 13 4 11 9 -1 2 -2 4 -1 4 0 0 -1 2 -3 4 -5 5 -5 5 -8 2z"}]
a:["$","path","#eea877491",{"fill":"#eea877","d":"M358 245 c-2 -3 -2 -3 -1 -14 l1 -11 4 -5 5 -4 3 2 c1 2 3 3 4 3 0 0 2 1 3 2 l2 3 -5 9 c-3 4 -7 10 -9 13 l-4 4 -3 -2z M396 224 c-3 -3 -12 -17 -12 -19 0 0 1 -3 2 -6 7 -12 10 -10 14 10 l3 13 -2 3 -3 2 -2 -3z M342 221 l-2 -2 6 -8 c7 -10 7 -10 10 -7 4 5 1 13 -8 18 l-4 2 -2 -3z M410 221 c-7 -2 -9 -9 -6 -13 l3 -2 5 6 5 5 -2 3 c-3 2 -3 2 -5 1z M373 211 c-2 -1 -4 -5 -6 -9 -3 -6 -3 -6 -1 -8 2 -1 6 -2 12 -2 3 0 7 4 7 6 -2 6 -4 10 -7 13 l-3 3 -2 -3z M361 210 l-2 -3 2 -2 3 -2 2 2 2 3 -2 2 -3 2 -2 -2z"}]
b:["$","path","#f1b98a453",{"fill":"#f1b98a","d":"M177 217 c-9 -4 -16 -14 -21 -28 l-3 -9 2 -3 c1 -1 3 -2 4 -1 1 0 1 0 0 -2 -2 -1 -2 -3 -2 -8 0 -19 17 -22 44 -9 3 1 7 2 9 2 3 0 6 1 9 3 3 2 4 2 6 1 1 -1 2 -1 4 1 l2 3 -2 2 -2 3 2 1 c2 2 2 2 0 4 -1 2 -1 2 1 4 l2 3 -3 2 c-3 2 -3 3 -1 4 1 2 1 2 -1 8 -2 9 -5 12 -8 10 -7 -5 -16 -3 -23 3 -3 3 -6 5 -9 6 -3 0 -5 1 -6 1 -1 1 -3 0 -4 -1z m13 -43 c0 -1 -2 -1 -5 -1 -2 -1 -5 -1 -6 -2 -1 0 -1 0 0 1 1 1 1 2 -1 3 -2 2 -1 2 2 1 2 -1 3 0 5 1 1 2 1 2 3 0 1 -2 2 -3 2 -3z"}]
c:["$","path","#6f8299433",{"fill":"#6f8299","d":"M236 160 c-2 0 -5 -1 -6 -3 -3 -2 -3 -2 -1 -4 1 -2 1 -2 -3 0 -11 5 -21 5 -34 1 -4 -2 -9 -3 -12 -4 -4 -1 -14 -9 -14 -11 0 -2 7 -8 11 -11 2 0 7 -2 12 -3 9 -2 9 -2 12 0 l2 2 0 -3 c1 -1 1 -7 2 -12 2 -16 4 -28 7 -30 l2 -3 6 4 c8 6 18 9 24 9 4 0 6 1 8 2 2 2 2 2 2 0 0 -1 1 -3 2 -4 l3 -2 6 4 c8 5 17 8 22 8 5 0 9 3 8 6 0 1 -3 8 -6 16 -6 18 -8 22 -13 27 -8 9 -25 13 -40 11z m13 -30 c0 1 0 -1 0 -3 -1 -5 -2 -4 -4 2 -1 4 -1 4 1 2 1 0 2 -1 3 -1z"}]
d:["$","path","#e8e1d3240",{"fill":"#e8e1d3","d":"M138 153 c-27 -5 -46 -10 -49 -12 l-2 -2 2 -3 c1 -1 3 -2 5 -2 1 0 11 -1 21 -3 10 -2 20 -3 21 -2 4 0 14 -2 16 -3 1 -1 7 -3 13 -4 l12 -3 2 3 3 3 -2 2 c-1 1 -4 2 -5 2 -1 1 -4 2 -5 4 -2 2 -4 3 -5 3 -3 1 -6 7 -6 12 0 4 -3 8 -6 8 0 0 -7 -2 -15 -3z"}]
e:["$","path","#c8503c266",{"fill":"#c8503c","d":"M290 93 c-3 -2 -6 -5 -8 -7 -2 -3 -4 -5 -4 -4 -1 1 -4 0 -7 -2 l-2 -2 -2 2 c-9 8 -22 7 -31 -3 -2 -4 -4 -5 -5 -4 -1 0 -3 0 -4 1 -1 0 -4 1 -5 2 l-3 2 -2 -2 c-2 -2 -2 -4 -2 -8 0 -9 4 -12 22 -13 10 -2 30 4 35 11 l2 2 3 -2 c4 -4 18 -1 33 6 10 5 11 8 4 15 -7 8 -16 10 -24 6z"}]
f:["$","ellipse","171",{"cx":171,"cy":244,"rx":"10","ry":"6","fill":"#f2b731","opacity":0.8}]
10:["$","ellipse","241",{"cx":241,"cy":242,"rx":"10","ry":"6","fill":"#f2b731","opacity":0.8}]
1b:T38ae,M1006 444 c-1 -1 -1 -8 -1 -9 1 0 1 -1 1 -2 0 -2 0 -2 -2 0 0 2 -1 3 -1 4 1 1 -2 4 -3 3 -1 0 1 -3 2 -7 4 -6 4 -7 8 -7 4 -1 5 -1 10 4 6 6 7 8 1 6 -3 -2 -3 -2 -3 1 0 3 -1 3 -3 0 -1 -1 -2 -2 -2 -2 0 0 -2 3 -3 5 -3 5 -4 6 -4 4z m5 -11 c-2 -1 -4 2 -4 5 l0 4 2 -4 c1 -2 2 -4 2 -5z m4 -2 c-1 -2 -1 -4 -1 -4 -3 0 -7 3 -7 4 0 1 0 2 1 2 1 -1 1 -2 1 -3 0 -1 1 -1 3 2 4 4 4 3 3 -1z M983 427 c-7 -2 -12 -4 -16 -7 -5 -3 -3 -3 4 0 4 2 9 4 12 5 4 1 6 2 6 2 0 1 0 1 -6 0z M915 415 c0 -7 0 -8 -4 -6 -1 1 -2 2 -3 2 -2 0 -2 0 -1 -2 1 -1 4 -5 6 -9 l4 -6 6 0 6 -1 9 6 c4 3 8 6 8 6 0 1 -6 1 -10 -1 -2 0 -2 0 0 4 2 7 1 8 -5 2 -3 -2 -5 -4 -5 -4 -1 0 -3 4 -5 8 -2 4 -5 7 -5 7 -1 0 -1 -3 -1 -6z m9 -11 c0 -1 0 -1 -4 1 -3 1 -3 1 -3 6 l0 6 4 -6 c1 -3 3 -6 3 -7z m7 -3 c-3 -5 -5 -8 -5 -5 0 1 -1 1 -3 0 l-2 0 2 3 c9 11 12 11 8 2z m-17 5 c1 -1 2 -2 2 -3 0 -2 -1 -2 -3 1 -2 3 -2 4 1 2z m7 -4 c1 -1 1 -1 -1 -3 l-2 -2 0 3 c0 3 1 4 3 2z m17 0 c-1 -1 -3 -3 -4 -3 l-3 -2 1 2 c1 3 3 4 6 4 2 0 2 0 0 -1z M812 401 c-1 -2 -3 -12 -3 -16 0 -1 -1 -1 -3 1 -5 5 -6 5 -7 4 -2 -1 -1 -3 4 -14 8 -15 8 -16 12 -15 3 0 5 0 8 -2 l4 -2 8 5 c5 3 11 7 14 9 9 4 4 8 -8 5 -5 -1 -5 -1 -2 6 4 10 2 10 -7 2 l-7 -6 -2 5 c-5 14 -9 20 -11 18z m8 -20 c2 -7 2 -8 -3 -4 -4 3 -4 4 -3 10 l0 7 2 -4 c1 -2 2 -6 4 -9z m-11 -5 c0 -1 -1 0 -2 3 l-2 4 2 -3 c1 -1 2 -3 2 -4z m20 -6 c-3 -7 -3 -8 -4 -6 -1 2 -1 2 -4 1 -3 0 -3 0 4 7 4 5 8 8 8 7 0 0 -1 -4 -4 -9z m-11 1 c0 0 -1 -1 -2 -2 -2 -2 -3 -1 -3 4 0 2 0 2 3 0 1 0 2 -2 2 -2z m20 -2 c-2 -1 -4 -3 -5 -3 -1 -1 -1 -1 0 2 2 3 3 3 8 4 1 0 0 -1 -3 -3z M885 397 c-4 -1 -8 -3 -10 -3 -2 -1 -5 -2 -5 -2 -1 1 -10 -5 -10 -6 0 -2 5 -1 10 4 2 1 13 5 20 5 3 1 5 2 5 2 0 1 -2 1 -10 0z M776 370 c-12 -3 -30 -11 -37 -16 -4 -3 -1 -5 3 -2 8 5 26 12 38 14 5 1 8 2 8 3 0 2 -7 2 -12 1z M662 369 c-1 -2 -1 -5 1 -18 1 -6 2 -12 2 -12 -1 0 -5 2 -9 4 -9 4 -11 5 -13 3 -1 -1 1 -4 7 -10 5 -5 13 -14 18 -20 5 -6 10 -11 10 -11 1 0 4 1 7 1 6 2 7 2 12 0 8 -3 7 -3 20 8 6 6 14 12 17 15 7 5 9 8 6 10 -2 0 -14 -3 -23 -6 l-6 -2 1 7 c2 14 2 18 0 19 -3 2 -5 -1 -14 -14 l-5 -8 -2 2 c-7 11 -25 33 -27 33 0 0 -1 -1 -2 -1z m20 -28 c10 -14 10 -15 -3 -9 l-8 3 -1 5 c-2 10 -3 17 -3 19 0 2 5 -4 15 -18z m23 -4 c2 0 2 -2 -1 -17 -1 -8 -2 -9 -4 -9 -1 0 -1 0 -1 1 0 3 -2 3 -9 1 l-6 -2 1 2 c1 2 5 8 10 15 6 11 8 13 8 11 0 -1 1 -2 2 -2z m-36 -11 c2 -7 3 -8 -8 5 l-6 7 6 -3 c6 -3 6 -3 8 -9z m57 3 c-15 -14 -18 -16 -18 -15 1 1 1 4 2 7 l0 5 9 3 c5 1 10 3 10 3 0 0 -1 -2 -3 -3z m-41 -7 c-1 -2 -6 -9 -6 -9 0 0 -2 4 -3 8 l-3 8 6 -3 c3 -2 6 -3 6 -4z M189 365 c-11 -2 -22 -11 -27 -18 -1 -3 -4 -1 -4 2 0 5 -6 3 -12 -3 -5 -5 -8 -12 -8 -19 0 -5 0 -5 -2 -5 -2 0 -3 1 -4 2 -2 2 -4 1 -7 -2 -6 -6 -7 -12 -5 -19 2 -3 2 -3 0 -6 -4 -12 3 -33 16 -45 3 -4 4 -4 3 -9 -1 -10 9 -18 19 -15 4 1 4 1 9 -3 3 -3 6 -5 7 -5 1 -1 1 -1 0 -2 -9 -5 -17 -18 -21 -33 -2 -9 -3 -12 0 -13 1 -1 2 -3 2 -8 l1 -7 -5 0 c-9 -2 -43 -9 -57 -12 -15 -4 -19 -6 -17 -9 0 -1 0 -2 0 -3 -1 -1 0 -3 1 -5 2 -4 0 -7 -5 -8 -7 -2 -10 -7 -6 -9 2 -1 2 -1 0 -3 -1 -2 -1 -2 0 -5 2 -5 0 -9 -5 -10 -8 -2 -12 -7 -7 -9 1 0 1 -1 0 -1 -1 -1 -1 -4 -1 -8 1 -3 0 -6 0 -6 -1 0 -1 -1 -2 -2 -1 -4 2 -7 14 -11 l10 -3 -4 -4 c-7 -6 -6 -7 1 -7 5 0 6 0 7 -3 3 -5 4 -5 10 2 l5 5 16 -5 c9 -3 28 -10 42 -14 l25 -9 13 3 c25 6 51 12 110 25 24 6 28 7 28 11 0 0 -1 2 -2 2 -2 2 -3 4 0 6 0 2 1 3 0 4 0 1 0 3 1 4 1 3 0 6 -5 8 -3 1 -4 4 -2 9 1 2 1 4 0 6 -2 2 -2 3 0 3 3 2 3 7 0 8 -1 1 -2 2 -2 4 0 1 -1 2 -1 3 -2 1 -2 1 0 4 1 2 1 3 0 5 -2 2 -2 2 0 2 1 1 1 5 0 7 -1 0 -8 3 -17 5 l-16 3 -4 6 c-4 7 -10 11 -19 13 -4 2 -7 3 -7 4 0 0 -1 2 -2 4 0 2 -1 3 -1 3 1 0 4 -1 7 -2 10 -3 14 -3 18 0 9 8 9 22 0 25 -1 0 -1 3 1 6 1 6 1 6 5 6 5 0 6 2 2 6 -5 4 -6 4 -14 -5 -4 -4 -7 -7 -7 -7 -1 0 -2 6 -3 13 -3 17 -3 17 -10 6 -4 -8 -4 -8 -6 -5 -1 1 -3 3 -5 4 l-4 3 5 3 c9 5 16 14 18 22 1 3 2 5 5 7 6 3 8 7 8 13 -1 4 -5 10 -8 10 -1 0 -1 1 -1 2 7 17 6 36 -3 49 -3 4 -3 4 0 4 8 0 -2 15 -13 19 -5 1 -6 2 -3 4 2 2 1 4 -2 5 -10 5 -21 5 -32 1 -4 -1 -6 -2 -7 -2 0 0 0 5 1 6 3 4 -4 5 -15 2z m38 -18 c7 -1 12 -4 12 -6 0 -1 0 -1 -6 1 -7 4 -14 4 -22 3 -6 -2 -8 -1 -6 1 4 3 14 4 22 1z m-41 -6 c0 0 -3 -1 -7 -2 -9 -1 -16 -5 -23 -11 -5 -4 -8 -5 -6 -1 2 3 12 10 16 12 8 3 19 5 20 2z m-35 -25 c0 -1 -2 -3 -3 -5 -4 -3 -7 -10 -7 -14 0 -1 -1 -2 -2 -2 -3 0 2 14 7 19 3 3 5 4 5 2z m81 -12 c2 -1 5 -4 6 -5 3 -2 7 -3 9 0 2 1 2 1 4 -4 2 -4 3 -7 3 -7 0 -1 -8 3 -10 5 -2 4 -19 1 -21 -4 0 -1 -2 -3 -3 -4 -3 -3 -6 -10 -6 -13 0 -5 -4 -5 -9 0 -3 3 -6 5 -8 6 -2 1 -4 2 -5 3 -4 3 -21 -1 -24 -7 0 -1 -1 -3 -2 -4 -3 -3 -4 -6 -5 -10 0 -4 -1 -4 -3 -4 -2 0 -3 0 -3 6 -1 4 -1 10 0 14 1 4 1 7 1 8 0 2 3 -4 3 -6 0 -8 17 5 19 15 1 5 4 3 5 -4 1 -5 2 -5 8 -1 4 2 10 10 10 13 0 4 7 -3 8 -9 0 -1 1 -3 1 -3 4 0 13 10 14 15 0 4 2 4 8 0z m16 -18 c7 -4 11 -12 9 -20 -6 -21 -39 -18 -39 3 0 15 17 24 30 17z m-52 -12 c11 -6 14 -18 6 -28 -13 -14 -37 -8 -37 11 0 14 18 24 31 17z m70 -4 c3 -3 3 -9 -1 -13 -3 -4 -4 -4 -4 3 0 11 1 14 5 10z m-51 -8 c5 -12 21 -18 34 -11 3 1 6 3 6 4 2 3 3 2 2 -4 -4 -28 -49 -44 -80 -28 -9 4 -18 16 -20 25 -1 5 4 5 6 0 3 -8 11 -13 22 -13 15 0 25 10 26 23 0 8 0 7 2 7 0 0 2 -1 2 -3z m-62 -14 c0 -1 2 -5 4 -9 3 -7 3 -8 -2 -8 -11 0 -17 13 -8 17 4 3 5 2 6 0z m105 -54 c-3 -4 -5 -4 -7 -2 -3 2 -3 2 -6 0 -1 -1 -3 -2 -3 -1 -1 1 4 10 11 23 l3 7 2 -13 c2 -12 2 -12 0 -14z m-21 21 c2 -1 5 -4 6 -5 l2 -3 -2 -4 -2 -4 -3 5 c-1 3 -2 5 -3 4 0 -2 2 -9 4 -10 1 -1 2 -3 0 -3 0 0 -2 3 -5 6 -2 4 -5 8 -7 10 -4 3 -4 4 0 6 5 1 5 1 10 -2z m-50 0 c5 -1 6 -2 8 -4 4 -7 17 -10 24 -5 4 3 3 3 6 -5 3 -13 4 -12 -2 -12 -7 0 -13 -3 -17 -8 -3 -3 -5 -4 -9 -5 -8 -2 -9 -1 -8 2 1 5 -1 16 -3 16 -1 0 -1 -2 -1 -9 0 -9 0 -9 -2 -8 -7 4 -22 3 -26 -1 -2 -2 -2 -2 -2 1 0 3 6 20 9 25 4 8 13 16 17 15 0 -1 3 -1 6 -2z m34 -1 c0 -2 -4 -6 -7 -7 -5 -1 -10 0 -14 3 l-3 3 7 0 c4 0 9 0 12 1 5 1 5 1 5 0z m53 -14 c-2 -6 -3 -8 -5 -8 -3 -1 -4 -4 -4 -11 -1 -10 -3 -11 -7 -3 -2 3 -3 7 -3 7 0 1 21 23 22 22 0 0 -1 -3 -3 -7z m-41 -3 c7 -10 8 -11 6 -14 -1 -1 -7 5 -8 8 -1 1 -2 6 -3 9 -1 4 -2 7 -1 7 0 0 3 -4 6 -10z m19 -14 c5 -8 5 -11 4 -11 -1 0 -1 1 -1 2 0 2 0 2 -3 1 -2 0 -4 0 -5 0 -3 1 -3 1 -3 0 1 -1 0 -2 -2 -2 -4 -1 -4 1 -1 7 1 3 2 5 2 5 0 2 4 6 5 5 1 0 3 -3 4 -7z m26 5 c5 -6 -1 -19 -9 -19 -6 0 -4 5 2 5 5 1 5 3 1 3 -7 0 -5 3 3 5 4 2 2 3 -3 2 -4 0 -4 0 -4 2 1 3 8 5 10 2z m-47 -4 c3 -2 6 -8 3 -7 0 0 -2 1 -4 2 -4 2 -7 2 -7 0 0 0 1 -1 3 -1 4 -1 7 -4 7 -6 0 -2 0 -2 -4 0 -5 2 -7 0 -3 -2 2 -1 3 -3 3 -4 0 -2 -3 -3 -4 -1 -2 1 -3 1 -6 -1 -3 -2 -6 -3 -9 -3 -2 0 -6 -1 -9 -2 -9 -5 -21 -8 -27 -8 -11 0 -15 4 -15 16 0 7 0 7 3 8 4 1 14 1 18 0 l2 -1 -4 -2 c-2 -1 -4 -2 -4 -2 1 -2 1 -2 17 1 13 3 13 3 17 7 7 8 16 10 23 6z m19 -16 c2 -5 2 -5 -5 -6 -5 0 -18 -2 -27 -5 -1 0 -2 0 -2 1 0 0 1 1 1 1 1 0 2 1 3 1 1 1 2 2 5 1 4 0 8 2 8 4 0 3 5 5 14 6 1 0 2 -2 3 -3z m8 -11 c12 -3 17 -7 21 -14 2 -4 12 -32 15 -39 0 -2 0 -2 -5 -2 -7 0 -15 -3 -24 -8 -7 -4 -9 -4 -9 0 0 2 -2 8 -4 15 -3 12 -3 12 -2 17 2 5 2 7 0 7 0 0 -1 -1 -2 -2 -1 -2 -1 -2 -2 3 -4 10 -11 18 -20 20 -3 1 -2 2 6 3 10 2 18 2 26 0z m-40 -4 c13 -3 21 -9 24 -21 3 -10 10 -36 10 -37 0 -1 -2 -1 -6 -1 -8 0 -17 -3 -26 -9 -5 -3 -6 -4 -7 -2 -2 2 -5 16 -6 30 -1 12 -3 17 -6 17 -1 0 -1 -1 -1 -1 1 -1 1 -3 2 -3 0 -2 -20 2 -26 5 -5 3 -9 7 -7 9 2 4 8 7 17 10 5 1 10 3 12 3 3 2 11 2 20 0z m-61 -5 c1 -8 3 -13 7 -14 1 0 4 -2 6 -3 2 -2 6 -4 10 -5 l8 -2 -6 -1 c-6 -2 -27 2 -30 5 -2 1 -12 3 -16 3 -1 -1 -11 0 -21 2 -10 2 -22 3 -25 4 -4 0 -7 1 -7 1 -1 1 66 16 72 16 1 0 2 -1 2 -6z m11 1 l4 -2 -5 -4 c-5 -6 -5 -6 -6 4 -1 4 -1 4 1 3 1 0 3 -1 6 -1z m133 -16 c13 -3 17 -4 14 -5 -3 -1 -23 -5 -23 -5 -1 0 -3 3 -5 12 -1 1 -1 2 0 2 1 -1 7 -2 14 -4z m-194 -2 c27 -4 25 -4 23 -6 l-1 -3 -24 4 c-24 5 -26 5 -25 7 1 2 6 1 27 -2z m20 -10 c1 0 0 -4 0 -5 -1 0 -10 2 -22 4 -12 2 -22 4 -22 4 -1 0 -1 1 -1 2 l0 3 22 -4 c12 -2 23 -4 23 -4z m19 6 c2 0 1 -1 -1 -3 -4 -5 -6 -11 -6 -21 l0 -7 -4 1 c-6 2 -7 3 -6 11 1 13 6 21 12 20 2 -1 4 -1 5 -1z m26 -8 c1 0 0 -1 0 -3 -1 -1 -2 -2 -2 -2 -1 1 -7 2 -13 3 -11 2 -12 3 -9 5 2 2 3 1 13 -1 6 -1 11 -2 11 -2z m142 3 c1 -2 0 -2 -10 -4 -8 -2 -11 -2 -11 -1 -2 2 -1 3 7 4 4 1 8 2 9 2 2 1 4 1 5 -1z m-188 -9 c0 -3 -1 -3 -9 -1 -3 0 -13 2 -21 4 -15 2 -17 3 -15 5 2 2 45 -6 45 -8z m74 8 c2 -2 2 -2 -3 -3 -15 -3 -22 -4 -23 -4 -1 2 4 5 11 6 11 2 12 2 15 1z m-112 -7 c4 -1 14 -3 22 -5 l15 -2 0 -3 c0 -2 0 -3 -1 -3 -2 1 -27 7 -44 10 -11 2 -13 4 -7 6 3 0 4 0 5 -1 2 0 6 -2 10 -2z m70 1 c11 -2 12 -3 13 -5 0 -3 0 -3 -14 1 -15 3 -14 3 -13 5 0 2 0 2 14 -1z m155 1 c-1 -2 -17 -6 -18 -4 -2 2 0 3 8 4 10 2 11 2 10 0z m-110 -1 c0 -1 -3 -2 -13 -4 -7 -2 -14 -3 -14 -3 -2 -1 -4 2 -2 3 1 1 22 6 26 6 2 0 3 0 3 -2z m-44 -6 c12 -3 14 -4 12 -6 -1 -1 -3 -1 -10 0 -18 4 -19 4 -19 6 0 2 1 3 3 2 2 0 8 -1 14 -2z m45 1 c0 -1 -4 -2 -12 -4 -18 -4 -18 -4 -18 -2 0 1 1 2 2 3 8 1 26 5 27 5 0 -1 1 -1 1 -2z m112 1 c-1 -2 -14 -5 -17 -5 -5 1 -2 3 5 4 8 2 12 2 12 1z m-230 -5 c22 -4 39 -8 41 -9 1 -2 12 -4 14 -4 2 1 15 -2 17 -3 0 -1 -1 -2 -1 -3 -1 -2 -2 -3 -5 -2 -15 5 -52 14 -65 16 -18 4 -18 4 -16 6 2 2 1 2 15 -1z m233 -1 c2 -1 2 -2 1 -2 -2 -2 -23 -6 -24 -5 -2 4 18 10 23 7z m-115 -2 c1 -1 3 -1 -22 -7 l-20 -4 -9 2 c-10 3 -12 4 -12 7 0 3 1 3 16 0 l15 -3 14 3 c17 4 18 4 18 2z m-113 -4 c9 -2 27 -7 39 -10 12 -3 23 -5 24 -6 3 0 3 -3 1 -5 0 0 -10 2 -22 5 -12 3 -30 8 -40 10 -23 6 -22 5 -22 8 -1 3 -1 3 20 -2z m201 -1 c1 -2 1 -2 -2 -3 -2 -1 -6 -4 -9 -7 -5 -5 -8 -6 -11 -4 -2 2 -2 2 0 5 4 7 18 13 22 9z m-86 -2 c0 -1 0 -2 -1 -2 0 0 -10 -2 -22 -5 -13 -3 -23 -5 -23 -4 -3 2 2 4 22 8 23 6 24 6 24 3z m111 0 c2 -3 -4 -4 -9 -2 l-2 2 3 1 c1 0 3 0 4 1 2 0 3 0 4 -2z m-219 -5 c32 -8 58 -15 58 -17 1 -2 1 -3 1 -3 -1 0 -8 2 -18 4 -9 3 -28 8 -42 11 -27 6 -30 7 -27 9 2 1 3 1 9 0 4 -1 13 -3 19 -4z m109 -2 c-1 -1 -4 -2 -7 -3 -4 -1 -14 -3 -23 -5 -18 -4 -18 -4 -18 -3 0 3 3 4 24 9 23 6 25 6 24 2z m100 2 c4 -2 7 -5 9 -10 l2 -3 -7 -4 c-12 -5 -18 -7 -26 -8 l-8 0 -2 4 c-1 3 -3 6 -4 8 l-2 3 4 -1 c2 0 4 0 5 0 1 -2 2 -1 5 4 5 8 15 11 24 7z m10 -1 c0 -1 -2 -1 -3 1 0 0 1 1 2 1 1 0 2 0 1 -2z m-242 -2 c4 -1 25 -6 49 -12 41 -10 42 -10 45 -14 8 -7 6 -25 -2 -25 -2 0 -2 0 0 3 3 5 1 19 -4 22 -1 0 -5 2 -9 3 -5 1 -9 2 -10 3 0 0 -1 0 -1 -1 0 -1 3 -3 9 -4 5 -2 9 -4 10 -5 2 -2 6 -3 -51 14 -14 4 -33 9 -40 11 -8 2 -14 4 -14 4 1 2 8 4 10 3 1 0 4 -1 8 -2z m175 1 l2 -2 -5 -1 c-4 -2 -7 -3 -11 -7 -5 -4 -10 -5 -12 -2 -5 7 19 18 26 12z m15 -2 c0 -1 -1 -2 -1 -1 -1 1 -1 4 1 4 0 0 1 -1 0 -3z m-57 -3 c0 -1 -1 -2 -3 -3 -2 0 -13 -2 -24 -5 -16 -4 -21 -5 -21 -4 -2 3 -3 3 22 9 9 1 17 3 19 4 6 1 7 1 7 -1z m-139 -4 c30 -8 57 -16 72 -20 10 -4 20 -6 21 -6 2 0 3 0 3 -2 0 -2 0 -2 -2 -2 -1 1 -11 4 -23 8 -12 3 -28 8 -35 10 -8 3 -21 7 -29 9 -9 2 -16 5 -16 5 -2 1 -1 1 9 -2z m192 1 c6 -2 11 -9 11 -13 0 -3 -14 -9 -23 -11 -7 -1 -9 -1 -18 0 -12 2 -14 4 -14 10 0 9 2 14 4 9 0 -2 6 -5 8 -4 1 0 2 0 2 -1 0 -2 3 -1 4 2 5 8 18 13 26 8z m-146 -17 c17 -6 36 -11 41 -13 8 -2 9 -3 9 -5 0 -2 0 -2 -2 -2 -12 4 -53 17 -64 20 -4 2 -15 5 -23 8 -16 4 -20 6 -19 8 1 0 6 -1 14 -3 7 -2 27 -8 44 -13z m99 14 c1 0 0 -3 0 -6 l-1 -5 -6 -1 c-7 -1 -8 -4 -2 -3 2 1 4 1 6 2 2 0 4 -3 3 -7 0 -1 1 -3 1 -5 2 -1 2 -2 1 -2 -1 -1 -10 -3 -21 -6 l-19 -5 1 9 c0 9 -2 14 -8 17 -4 3 -5 3 19 8 16 4 25 6 26 4z m109 -1 c2 0 3 -3 1 -3 -1 0 -2 1 -2 2 -1 2 -1 2 1 1z m-251 -6 c7 -3 13 -5 13 -6 0 -3 -3 -2 -15 1 -11 4 -12 5 -12 7 0 1 0 2 0 2 0 0 7 -2 14 -4z m246 0 c-2 -6 -16 -12 -30 -13 -10 0 -12 0 -11 3 0 2 1 2 5 2 9 0 16 2 26 6 10 5 11 5 10 2z m6 -3 c-1 -1 -2 -2 -3 -2 -2 -1 -2 -1 0 2 1 3 4 3 3 0z m-252 -5 c9 -3 9 -4 8 -6 -2 -1 -2 -1 -12 2 -10 3 -14 5 -12 7 0 1 4 1 16 -3z m25 -1 c2 -1 4 -2 3 -2 0 0 -3 -3 -6 -7 -2 -4 -6 -9 -7 -11 l-3 -3 -2 3 c-1 3 -1 3 -5 3 l-4 0 3 4 c2 2 6 5 7 8 5 8 6 8 14 5z m225 0 c0 -2 1 -2 -32 -9 -10 -2 -21 -5 -24 -5 -3 -1 -6 -2 -6 -1 0 0 4 1 8 3 6 4 7 4 17 5 11 0 18 2 27 6 8 4 10 4 10 1z m-49 -2 c-3 -11 -42 -16 -52 -7 -4 4 -4 4 2 2 12 -4 28 -2 42 4 8 4 9 4 8 1z m-147 -6 c39 -12 40 -13 36 -15 -1 -1 -5 0 -15 3 -7 2 -20 6 -29 9 -17 5 -17 5 -15 7 3 2 0 3 23 -4z m199 3 c1 -2 1 -2 -15 -5 -26 -6 -85 -19 -106 -25 -13 -2 -23 -5 -23 -5 0 0 0 1 1 3 0 2 -4 1 66 17 73 17 75 17 77 15z m-164 -24 c9 -4 17 -7 17 -8 0 -3 0 -3 -1 -3 -1 0 -50 17 -73 25 -7 2 -8 3 -6 6 1 1 25 -7 63 -20z m64 14 c3 -2 3 -2 -9 -4 -6 -2 -17 -4 -23 -6 -9 -2 -11 -2 -11 -1 0 0 0 1 0 2 -1 0 34 10 38 10 1 0 3 -1 5 -1z m27 -3 c-1 0 -8 -2 -17 -3 -9 -2 -24 -6 -34 -8 -11 -3 -20 -5 -20 -5 -2 0 -1 4 0 4 2 1 42 11 48 12 4 0 25 1 23 0z m-73 -8 c0 -1 -1 -4 -3 -7 0 0 -3 1 -7 2 l-6 2 4 1 c2 0 5 1 6 2 3 1 5 1 6 0z M238 276 c-9 -5 -5 -16 4 -16 6 0 10 6 8 12 -2 4 -8 6 -12 4z m9 -3 c0 -2 -2 -4 -4 -3 -2 1 -1 4 2 4 1 0 2 -1 2 -1z M187 264 c-10 -6 -3 -20 8 -15 6 2 7 9 2 13 -3 3 -7 4 -10 2z m9 -3 c1 -1 1 -1 0 -3 -3 -2 -6 1 -4 3 2 2 2 2 4 0z M215 251 c0 -1 2 -2 3 -2 2 0 3 -3 0 -4 -1 -1 -1 -1 0 -2 1 -1 5 2 5 4 0 2 -1 3 -1 4 -2 1 -7 1 -7 0z M226 238 c-1 -3 -11 -5 -15 -3 -3 2 -5 0 -1 -3 5 -3 15 -1 19 5 1 1 1 2 0 2 -1 1 -2 0 -3 -1z M188 61 c-6 -1 -10 -4 -5 -3 11 3 14 3 14 4 0 1 -3 1 -9 -1z M631 320 c-6 -1 -21 -7 -28 -10 -7 -3 -20 -13 -20 -14 0 -2 2 -2 9 3 11 7 30 15 40 17 5 0 8 2 7 4 -1 1 -2 1 -8 0z M511 308 c-1 -1 -1 -5 -1 -21 l1 -19 -10 6 c-14 9 -23 13 -25 11 -1 -2 -1 -2 0 -4 12 -13 17 -20 26 -33 6 -9 11 -16 12 -16 0 -1 5 0 9 1 l9 3 8 -3 c4 -1 9 -2 9 -2 1 1 6 11 11 23 l9 22 7 0 c9 -1 9 1 0 8 -3 3 -7 5 -8 5 -1 0 -10 -10 -17 -20 -4 -4 -7 -8 -7 -8 0 0 -2 4 -4 8 -9 18 -24 41 -27 41 0 0 -1 -1 -2 -2z m19 -31 c8 -15 8 -16 4 -14 -2 1 -2 1 -5 -2 l-3 -3 -5 3 c-4 3 -5 6 -5 27 l0 11 4 -6 c2 -3 6 -10 10 -16z m33 -3 c-1 -2 -5 -11 -8 -19 l-7 -15 -2 6 -2 6 10 13 c6 8 10 14 11 14 0 0 -1 -2 -2 -5z m-68 -2 c7 -4 27 -17 28 -18 0 0 -8 -14 -9 -14 0 0 -4 4 -7 9 -8 12 -15 21 -18 25 -4 4 -3 4 6 -2z m41 -16 c1 -2 3 -3 3 -5 0 -1 1 -4 2 -7 3 -7 3 -7 2 -6 -1 0 -2 1 -1 1 0 1 -2 4 -3 4 0 -1 -4 -2 -8 -2 -3 -1 -8 -2 -9 -3 -3 -1 -3 0 4 11 7 10 6 10 10 7z M460 264 c-9 -3 -20 -8 -26 -14 -8 -7 -6 -9 2 -2 8 6 19 11 28 13 7 1 9 2 8 4 -1 1 -3 1 -12 -1z M352 257 c0 -1 1 -22 2 -30 l0 -5 -5 3 c-14 8 -22 11 -22 8 0 -1 5 -9 10 -15 2 -4 9 -12 13 -19 12 -15 11 -15 19 -13 7 2 8 2 16 -1 l8 -2 3 4 c2 3 4 5 4 5 0 2 18 21 24 28 6 5 7 6 6 8 -2 1 -4 1 -15 -2 -4 -1 -7 -2 -8 -2 0 1 1 4 2 9 1 8 1 8 0 10 -3 2 -7 -3 -16 -16 l-7 -10 -8 12 c-16 25 -24 33 -26 28z m13 -17 c10 -14 18 -28 15 -26 -2 1 -3 3 -4 3 -1 2 -4 1 -6 -1 -2 -4 -3 -4 -7 0 -3 3 -4 7 -5 28 l-1 6 2 -3 c2 -1 4 -5 6 -7z m33 -32 c-4 -18 -5 -19 -9 -10 -4 8 -4 7 4 19 5 9 6 10 7 8 1 -2 1 -4 -2 -17z m-48 10 l5 -2 1 -9 c1 -5 2 -9 2 -9 -1 0 -4 4 -8 10 -4 5 -8 11 -10 14 l-3 4 4 -2 c2 -2 7 -4 9 -6z m63 -3 c-3 -3 -7 -7 -8 -8 l-2 -2 0 3 c1 2 1 5 2 7 0 2 1 3 6 5 4 1 7 2 7 2 1 0 -1 -3 -5 -7z m-35 -5 c1 -2 2 -3 2 -4 0 0 1 -3 2 -6 l3 -5 -3 -1 c-3 0 -7 0 -10 0 -3 0 -3 0 -3 -1 0 -1 -1 -2 -2 -2 -3 0 -3 2 3 12 5 10 4 10 8 7z m-12 -2 c0 -2 -3 -8 -4 -7 0 0 0 3 0 5 -1 5 -1 5 1 4 1 -1 2 -2 3 -2z M307 216 c-7 -1 -14 -5 -14 -6 0 -1 0 -1 7 2 3 1 9 3 14 3 5 1 9 2 8 2 0 1 -9 1 -15 -1z11:["$","path",null,{"transform":"translate(0 483) scale(1 -1)","fill":"#2a2a2e","d":"$1b"}]
12:["$","p",null,{"className":"gallery-module__3h_Zma__label","children":["$undefined",["$","time",null,{"dateTime":"2026-10-08","children":"2026年10月08日"}],["$","span",null,{"children":"约 19 分钟"}],false]}]
13:["$","h1",null,{"children":"智能如何积累自己"}]
14:["$","p",null,{"className":"gallery-module__3h_Zma__standfirst","children":"关于学习、群体与自由的一种朴素设想。一个智能系统，应该怎样利用自己漫长的生命中经历过的一切？"}]
15:["$","$L1c",null,{"seed":"article:how-intelligence-accumulates-itself","delay":0.2}]
16:["$","div",null,{"className":"prose-module__31PT3q__prose ","children":[["$","p",null,{"children":["$","em",null,{"children":"——关于学习、群体与自由的一种朴素设想"}]}],"\n",["$","$L1d",null,{"id":"section-1","children":"一、一个智能体的一生"}],"\n",["$","p",null,{"children":"一个人学习了一年之后，究竟发生了什么变化？"}],"\n",["$","p",null,{"children":"他读过许多书，解决过一些问题，经历过无数次成功与失败。他无法完整复述这一年里的全部经历，甚至可能忘记了其中绝大多数细节。但再次面对熟悉的问题时，他的判断可能更加准确；面对陌生的问题时，他也可能拥有了新的理解方式。"}],"\n",["$","p",null,{"children":["某种意义上，这就是学习：",["$","strong",null,{"children":"过去的经历改变了一个系统未来认识世界和采取行动的方式。"}]]}],"\n",["$","p",null,{"children":"那么，一个持续运行了一年的 AI Agent，是否也应该如此？"}],"\n",["$","p",null,{"children":"今天的 Agent 已经能够编写程序、阅读资料、使用工具，甚至独立开展持续数小时的探索。它可能花费很长时间理解一个复杂的软件系统，经历几十次失败，最后找到可靠的解决方案。"}],"\n",["$","p",null,{"children":"然而，任务结束后，这些经历往往只留下运行日志、聊天记录和最终产物。下次面对相似问题，它仍然可能需要重新探索。"}],"\n",["$","p",null,{"children":"我们当然可以给它添加记忆，让它保存更多历史信息。但这似乎还不够。一个人学习数学，并不是把做过的每道题都记在脑子里；一个工程师积累经验，也不是因为他能够完整复述自己处理过的每一次故障。"}],"\n",["$","p",null,{"children":"他们获得了某种更加一般的理解。"}],"\n",["$","p",null,{"children":["于是，我们可以提出一个更朴素的问题：",["$","strong",null,{"children":"一个智能系统，应该怎样利用自己漫长的生命中经历过的一切？"}]]}],"\n",["$","p",null,{"children":"这个问题乍看只是关于记忆。但沿着它继续思考，我们可能会发现，记忆、知识、模型训练，甚至智能的自我改进，其实有着共同的结构。"}],"\n",["$","$L1d",null,{"id":"section-2","children":"二、学习是状态的更新"}],"\n",["$","p",null,{"children":"我们通常把机器学习理解为参数更新。模型接受数据，通过某种优化算法修改权重，从而获得新的能力。"}],"\n",["$","p",null,{"children":"但参数更新只是学习的一种实现。"}],"\n",["$","p",null,{"children":"假设一个 Agent 在开发过程中，反复遇到不同服务之间的数据不一致问题。经过多次排查，它终于理解了这些问题的共同原因，于是修改了自己的长期知识文档，记录了一条关于数据契约的原则。"}],"\n",["$","p",null,{"children":"下一次遇到类似故障，它能够立即想到检查服务之间的约定，而不再重复先前的摸索。"}],"\n",["$","p",null,{"children":"模型参数没有发生变化，但整个系统的行为已经改变了。"}],"\n",["$","p",null,{"children":["我们可以把一个智能体抽象为具有某种状态 ",["$","span",null,{"className":"katex","children":[["$","span",null,{"className":"katex-mathml","children":["$","math",null,{"xmlns":"http://www.w3.org/1998/Math/MathML","children":["$","semantics",null,{"children":[["$","mrow",null,{"children":["$","msub",null,{"children":[["$","mi",null,{"children":"S"}],["$","mi",null,{"children":"t"}]]}]}],["$","annotation",null,{"encoding":"application/x-tex","children":"S_t"}]]}]}]}],["$","span",null,{"className":"katex-html","aria-hidden":"true","children":["$","span",null,{"className":"base","children":[["$","span",null,{"className":"strut","style":{"height":"0.8333em","verticalAlign":"-0.15em"}}],["$","span",null,{"className":"mord","children":[["$","span",null,{"className":"mord mathnormal","style":{"marginRight":"0.0576em"},"children":"S"}],["$","span",null,{"className":"msupsub","children":["$","span",null,{"className":"vlist-t vlist-t2","children":[["$","span",null,{"className":"vlist-r","children":[["$","span",null,{"className":"vlist","style":{"height":"0.2806em"},"children":["$","span",null,{"style":{"top":"-2.55em","marginLeft":"-0.0576em","marginRight":"0.05em"},"children":[["$","span",null,{"className":"pstrut","style":{"height":"2.7em"}}],["$","span",null,{"className":"sizing reset-size6 size3 mtight","children":["$","span",null,{"className":"mord mathnormal mtight","children":"t"}]}]]}]}],["$","span",null,{"className":"vlist-s","children":"​"}]]}],["$","span",null,{"className":"vlist-r","children":["$","span",null,{"className":"vlist","style":{"height":"0.15em"},"children":["$","span",null,{}]}]}]]}]}]]}]]}]}]]}]," 的系统。它从环境中获得经历 ",["$","span",null,{"className":"katex","children":[["$","span",null,{"className":"katex-mathml","children":["$","math",null,{"xmlns":"http://www.w3.org/1998/Math/MathML","children":["$","semantics",null,{"children":[["$","mrow",null,{"children":["$","msub",null,{"children":[["$","mi",null,{"children":"e"}],["$","mi",null,{"children":"t"}]]}]}],["$","annotation",null,{"encoding":"application/x-tex","children":"e_t"}]]}]}]}],["$","span",null,{"className":"katex-html","aria-hidden":"true","children":["$","span",null,{"className":"base","children":[["$","span",null,{"className":"strut","style":{"height":"0.5806em","verticalAlign":"-0.15em"}}],["$","span",null,{"className":"mord","children":[["$","span",null,{"className":"mord mathnormal","children":"e"}],["$","span",null,{"className":"msupsub","children":["$","span",null,{"className":"vlist-t vlist-t2","children":[["$","span",null,{"className":"vlist-r","children":[["$","span",null,{"className":"vlist","style":{"height":"0.2806em"},"children":["$","span",null,{"style":{"top":"-2.55em","marginLeft":"0em","marginRight":"0.05em"},"children":[["$","span",null,{"className":"pstrut","style":{"height":"2.7em"}}],["$","span",null,{"className":"sizing reset-size6 size3 mtight","children":["$","span",null,{"className":"mord mathnormal mtight","children":"t"}]}]]}]}],["$","span",null,{"className":"vlist-s","children":"​"}]]}],["$","span",null,{"className":"vlist-r","children":["$","span",null,{"className":"vlist","style":{"height":"0.15em"},"children":"$L1e"}]}]]}]}]]}]]}]}]]}],"，通过更新机制 ","$L1f"," 改变自身："]}],"\n","$L20","\n","$L21","\n","$L22","\n","$L23","\n","$L24","\n","$L25","\n","$L26","\n","$L27","\n","$L28","\n","$L29","\n","$L2a","\n","$L2b","\n","$L2c","\n","$L2d","\n","$L2e","\n","$L2f","\n","$L30","\n","$L31","\n","$L32","\n","$L33","\n","$L34","\n","$L35","\n","$L36","\n","$L37","\n","$L38","\n","$L39","\n","$L3a","\n","$L3b","\n","$L3c","\n","$L3d","\n","$L3e","\n","$L3f","\n","$L40","\n","$L41","\n","$L42","\n","$L43","\n","$L44","\n","$L45","\n","$L46","\n","$L47","\n","$L48","\n","$L49","\n","$L4a","\n","$L4b","\n","$L4c","\n","$L4d","\n","$L4e","\n","$L4f","\n","$L50","\n","$L51","\n","$L52","\n","$L53","\n","$L54","\n","$L55","\n","$L56","\n","$L57","\n","$L58","\n","$L59","\n","$L5a","\n","$L5b","\n","$L5c","\n","$L5d","\n","$L5e","\n","$L5f","\n","$L60","\n","$L61","\n","$L62","\n","$L63","\n","$L64","\n","$L65","\n","$L66","\n","$L67","\n","$L68","\n","$L69","\n","$L6a","\n","$L6b","\n","$L6c","\n","$L6d","\n","$L6e","\n","$L6f","\n","$L70","\n","$L71","\n","$L72","\n","$L73","\n","$L74","\n","$L75","\n","$L76","\n","$L77","\n","$L78","\n","$L79","\n","$L7a","\n","$L7b","\n","$L7c","\n","$L7d","\n","$L7e","\n","$L7f","\n","$L80","\n","$L81","\n","$L82","\n","$L83","\n","$L84","\n","$L85","\n","$L86","\n","$L87","\n","$L88","\n","$L89","\n","$L8a","\n","$L8b","\n","$L8c","\n","$L8d","\n","$L8e","\n","$L8f","\n","$L90","\n","$L91","\n","$L92","\n","$L93","\n","$L94","\n","$L95","\n","$L96","\n","$L97","\n","$L98","\n","$L99","\n","$L9a","\n","$L9b","\n","$L9c","\n","$L9d","\n","$L9e","\n","$L9f","\n","$La0","\n","$La1","\n","$La2","\n","$La3","\n","$La4","\n","$La5","\n","$La6","\n","$La7","\n","$La8","\n","$La9","\n","$Laa","\n","$Lab","\n","$Lac","\n","$Lad","\n","$Lae","\n","$Laf","\n","$Lb0","\n","$Lb1","\n","$Lb2","\n","$Lb3","\n","$Lb4","\n","$Lb5","\n","$Lb6","\n","$Lb7","\n","$Lb8","\n","$Lb9","\n","$Lba","\n","$Lbb","\n","$Lbc","\n","$Lbd","\n","$Lbe","\n","$Lbf","\n","$Lc0","\n","$Lc1","\n","$Lc2","\n","$Lc3","\n","$Lc4","\n","$Lc5"]}]
17:["$","$L3",null,{"as":"section","className":"gallery-module__3h_Zma__next","children":[["$","$L1c",null,{"seed":"next:how-intelligence-accumulates-itself"}],["$","p",null,{"className":"gallery-module__3h_Zma__label","children":["$","span",null,{"children":"接着读"}]}],[["$","$Lc6","interface-no-longer-fixed",{"href":"/zh/blog/interface-no-longer-fixed/","className":"gallery-module__3h_Zma__nextLink","children":["当界面不再固定"," →"]}],["$","$Lc6","knowledge-can-grow-on-its-own",{"href":"/zh/blog/knowledge-can-grow-on-its-own/","className":"gallery-module__3h_Zma__nextLink","children":["如果知识能够自己生长"," →"]}]]]}]
18:["$","link","0",{"rel":"stylesheet","href":"/_next/static/chunks/0n3g8u-gvnak7.css","precedence":"next"}]
19:["$","script","script-0",{"src":"/_next/static/chunks/08nrfcz2fnmms.js","async":true}]
1a:["$","$Lc7",null,{"children":["$","$c8",null,{"name":"Next.MetadataOutlet","children":"$@c9"}]}]
1e:["$","span",null,{}]
1f:["$","span",null,{"className":"katex","children":[["$","span",null,{"className":"katex-mathml","children":["$","math",null,{"xmlns":"http://www.w3.org/1998/Math/MathML","children":["$","semantics",null,{"children":[["$","mrow",null,{"children":["$","mi",null,{"children":"U"}]}],["$","annotation",null,{"encoding":"application/x-tex","children":"U"}]]}]}]}],["$","span",null,{"className":"katex-html","aria-hidden":"true","children":["$","span",null,{"className":"base","children":[["$","span",null,{"className":"strut","style":{"height":"0.6833em"}}],["$","span",null,{"className":"mord mathnormal","style":{"marginRight":"0.109em"},"children":"U"}]]}]}]]}]
20:["$","span",null,{"className":"katex-display","children":["$","span",null,{"className":"katex","children":[["$","span",null,{"className":"katex-mathml","children":["$","math",null,{"xmlns":"http://www.w3.org/1998/Math/MathML","display":"block","children":["$","semantics",null,{"children":[["$","mrow",null,{"children":[["$","msub",null,{"children":[["$","mi",null,{"children":"S"}],["$","mrow",null,{"children":[["$","mi",null,{"children":"t"}],["$","mo",null,{"children":"+"}],["$","mn",null,{"children":"1"}]]}]]}],["$","mo",null,{"children":"="}],["$","mi",null,{"children":"U"}],["$","mo",null,{"stretchy":"false","children":"("}],["$","msub",null,{"children":[["$","mi",null,{"children":"S"}],["$","mi",null,{"children":"t"}]]}],["$","mo",null,{"separator":"true","children":","}],["$","msub",null,{"children":[["$","mi",null,{"children":"e"}],["$","mi",null,{"children":"t"}]]}],["$","mo",null,{"stretchy":"false","children":")"}]]}],["$","annotation",null,{"encoding":"application/x-tex","children":"S_{t+1}=U(S_t,e_t)"}]]}]}]}],["$","span",null,{"className":"katex-html","aria-hidden":"true","children":[["$","span",null,{"className":"base","children":[["$","span",null,{"className":"strut","style":{"height":"0.8917em","verticalAlign":"-0.2083em"}}],["$","span",null,{"className":"mord","children":[["$","span",null,{"className":"mord mathnormal","style":{"marginRight":"0.0576em"},"children":"S"}],["$","span",null,{"className":"msupsub","children":["$","span",null,{"className":"vlist-t vlist-t2","children":[["$","span",null,{"className":"vlist-r","children":[["$","span",null,{"className":"vlist","style":{"height":"0.3011em"},"children":["$","span",null,{"style":{"top":"-2.55em","marginLeft":"-0.0576em","marginRight":"0.05em"},"children":[["$","span",null,{"className":"pstrut","style":{"height":"2.7em"}}],["$","span",null,{"className":"sizing reset-size6 size3 mtight","children":["$","span",null,{"className":"mord mtight","children":[["$","span",null,{"className":"mord mathnormal mtight","children":"t"}],["$","span",null,{"className":"mbin mtight","children":"+"}],["$","span",null,{"className":"mord mtight","children":"1"}]]}]}]]}]}],["$","span",null,{"className":"vlist-s","children":"​"}]]}],["$","span",null,{"className":"vlist-r","children":["$","span",null,{"className":"vlist","style":{"height":"0.2083em"},"children":["$","span",null,{}]}]}]]}]}]]}],["$","span",null,{"className":"mspace","style":{"marginRight":"0.2778em"}}],["$","span",null,{"className":"mrel","children":"="}],["$","span",null,{"className":"mspace","style":{"marginRight":"0.2778em"}}]]}],["$","span",null,{"className":"base","children":[["$","span",null,{"className":"strut","style":{"height":"1em","verticalAlign":"-0.25em"}}],["$","span",null,{"className":"mord mathnormal","style":{"marginRight":"0.109em"},"children":"U"}],["$","span",null,{"className":"mopen","children":"("}],["$","span",null,{"className":"mord","children":[["$","span",null,{"className":"mord mathnormal","style":{"marginRight":"0.0576em"},"children":"S"}],["$","span",null,{"className":"msupsub","children":["$","span",null,{"className":"vlist-t vlist-t2","children":[["$","span",null,{"className":"vlist-r","children":[["$","span",null,{"className":"vlist","style":{"height":"0.2806em"},"children":["$","span",null,{"style":{"top":"-2.55em","marginLeft":"-0.0576em","marginRight":"0.05em"},"children":[["$","span",null,{"className":"pstrut","style":{"height":"2.7em"}}],["$","span",null,{"className":"sizing reset-size6 size3 mtight","children":["$","span",null,{"className":"mord mathnormal mtight","children":"t"}]}]]}]}],["$","span",null,{"className":"vlist-s","children":"​"}]]}],["$","span",null,{"className":"vlist-r","children":["$","span",null,{"className":"vlist","style":{"height":"0.15em"},"children":["$","span",null,{}]}]}]]}]}]]}],["$","span",null,{"className":"mpunct","children":","}],["$","span",null,{"className":"mspace","style":{"marginRight":"0.1667em"}}],["$","span",null,{"className":"mord","children":[["$","span",null,{"className":"mord mathnormal","children":"e"}],["$","span",null,{"className":"msupsub","children":["$","span",null,{"className":"vlist-t vlist-t2","children":[["$","span",null,{"className":"vlist-r","children":[["$","span",null,{"className":"vlist","style":{"height":"0.2806em"},"children":["$","span",null,{"style":{"top":"-2.55em","marginLeft":"0em","marginRight":"0.05em"},"children":[["$","span",null,{"className":"pstrut","style":{"height":"2.7em"}}],["$","span",null,{"className":"sizing reset-size6 size3 mtight","children":["$","span",null,{"className":"mord mathnormal mtight","children":"t"}]}]]}]}],["$","span",null,{"className":"vlist-s","children":"​"}]]}],["$","span",null,{"className":"vlist-r","children":["$","span",null,{"className":"vlist","style":{"height":"0.15em"},"children":["$","span",null,{}]}]}]]}]}]]}],["$","span",null,{"className":"mclose","children":")"}]]}]]}]]}]}]
21:["$","p",null,{"children":"这里的状态可以包含模型参数，也可以包含外部记忆、知识结构、工具、技能和行为策略。"}]
22:["$","p",null,{"children":"当然，并非所有状态变化都叫学习。一块石头被晒热了，状态同样发生变化。学习之所以特殊，是因为经历所产生的变化，能够改善系统未来的某种能力。"}]
23:["$","p",null,{"children":"这样，我们便不必把学习局限在神经网络内部。"}]
24:["$","p",null,{"children":"整理文档可以是学习，修正一条工作原则可以是学习，重新组织知识之间的联系也可以是学习。关键不在于修改了什么，而在于这种修改是否改变了未来的判断和行动。"}]
25:["$","p",null,{"children":"这使得记忆不再只是一个被动保存信息的仓库。"}]
26:["$","p",null,{"children":"它可以成为智能体持续更新自身认知的方式。"}]
27:["$","h3",null,{"id":"记忆是对未来的压缩","children":["记忆是对未来的压缩","$undefined"]}]
28:["$","p",null,{"children":"然而，一个系统不可能无限制地保留全部经历。"}]
29:["$","p",null,{"children":"人每天接触海量信息，却只记得其中很少一部分。更重要的是，我们记住的往往不是原始经历，而是从中提炼出的规律、关系和理解。"}]
2a:["$","p",null,{"children":"一个学生做过几十道题，最后可能只需要记住一种解题方法。一次有效的抽象，能够替代大量具体记录。"}]
2b:["$","p",null,{"children":"记忆因而具有压缩的性质。"}]
2c:["$","p",null,{"children":"但它与通常的信息压缩存在一个区别：我们并不需要为了完整还原过去而记住过去。"}]
2d:["$","p",null,{"children":["$","strong",null,{"children":"记忆的价值，主要在于它将怎样影响未来。"}]}]
2e:["$","p",null,{"children":"同一段经历，对于未来从事不同工作的人，价值可能截然不同。一条非常具体的技术经验，也许对某个专业领域极其重要，却不值得所有智能体都随时记住。"}]
2f:["$","p",null,{"children":"因此，记忆系统需要考虑未来可能遇到什么问题，并据此决定保留哪些信息、形成什么抽象，以及让哪些知识更容易被检索。"}]
30:["$","p",null,{"children":"这里还出现了一层递归：对未来的预期本身，也来自过去的经历。"}]
31:["$","p",null,{"children":"一个智能体最初可能预计自己会长期从事软件开发，但随着任务变化，它开始参与数学研究。此时，它不仅需要学习新的知识，还需要改变对未来知识需求的判断，重新组织自己的记忆。"}]
32:["$","p",null,{"children":["$","strong",null,{"children":"它不仅学习世界是什么样的，也学习自己未来可能需要知道什么。"}]}]
33:["$","p",null,{"children":"这与人类记忆中的某些现象相似。经历并非被平等地保存，记忆会经历巩固、重组与遗忘，而目标、情绪、已有知识和预期用途都可能影响这一过程。"}]
34:["$","p",null,{"children":["对于 Agent，我们可以将类似机制组织成一种离线学习过程，即人们常说的 ",["$","em",null,{"children":"Dreaming"}],"：系统定期回顾自己的经历，从中提炼规律，修正旧有认识，调整记忆结构。"]}]
35:["$","p",null,{"children":"但这里的目标并不是尽可能生成一份详尽的总结，而是尽可能用有限的状态，保留对未来有价值的能力。"}]
36:["$","p",null,{"children":"遗忘也不一定意味着删除。某些信息可以被抽象知识替代，某些具体经历可以进入低频访问的档案。对于尚不明确的未来，保留部分原始证据和重新发现旧知识的能力，同样具有价值。"}]
37:["$","p",null,{"children":"这样，记忆逐渐成为一种动态的知识表示，而不是越来越庞大的日志集合。"}]
38:["$","$L1d",null,{"id":"section-3","children":"三、学习应该主动寻找值得经历的事情"}]
39:["$","p",null,{"children":"如果学习是利用经历改善未来，那么一个自然的问题是：为什么只能被动等待经历发生？"}]
3a:["$","p",null,{"children":"一个学生可以选择今晚学习什么，一个科学家可以决定下一步做什么实验。对于 Agent，选择空间甚至更加广阔：它可以主动阅读资料、编写实验、验证假设，或者将计算资源分配给不同的探索方向。"}]
3b:["$","p",null,{"children":["我们可以尝试让智能体预测：",["$","strong",null,{"children":"接下来经历什么，最有可能改善未来的自己？"}]]}]
3c:["$","p",null,{"children":"这与语言模型的 Next Token Prediction 存在一种有趣的相似性。"}]
3d:["$","p",null,{"children":"语言模型利用已有上下文预测下一个 Token。而一个持续学习的智能体，则可以利用已有知识预测未来的需求，以及哪些行动可能产生有价值的学习结果。"}]
3e:["$","p",null,{"children":"当然，二者并不等价。预测下一个 Token 主要是在建模数据分布；选择学习活动则涉及行动的后果、探索成本和对未来能力的影响。"}]
3f:["$","p",null,{"children":"但在更抽象的层面，它们共享一种思想：利用已有信息预测尚未发生的事情，并不断根据反馈修正预测。"}]
40:["$","p",null,{"children":"进一步说，智能体不只是预测未来，还能够通过行动主动创造新的经历。"}]
41:["$","p",null,{"children":"这使我想到一种可以称为「高级的暴力」的思路。"}]
42:["$","p",null,{"children":"随着计算资源增加，我们能够尝试越来越多的可能性。但如果能够利用已有知识预测哪些探索更有价值，就不必平均地将计算资源投入所有方向。"}]
43:["$","p",null,{"children":"而最有意思的一步，是让系统从过去的探索中，逐渐学会如何组织未来的探索。"}]
44:["$","p",null,{"children":"它第一次解决某个问题，可能需要大量尝试；第二次能够利用已有经验；第三次则可能发现更好的实验方法，甚至修正自己原先的探索策略。"}]
45:["$","p",null,{"children":"于是："}]
46:["$","span",null,{"className":"katex-display","children":["$","span",null,{"className":"katex","children":[["$","span",null,{"className":"katex-mathml","children":["$","math",null,{"xmlns":"http://www.w3.org/1998/Math/MathML","display":"block","children":["$","semantics",null,{"children":[["$","mrow",null,{"children":[["$","mtext",null,{"children":"探索"}],["$","mo",null,{"children":"→"}],["$","mtext",null,{"children":"知识"}],["$","mo",null,{"children":"→"}],["$","mtext",null,{"children":"更有效的探索"}],["$","mo",null,{"children":"→"}],["$","mtext",null,{"children":"新的知识"}]]}],["$","annotation",null,{"encoding":"application/x-tex","children":"\\text{探索}\\rightarrow\\text{知识}\\rightarrow\n\\text{更有效的探索}\\rightarrow\\text{新的知识}"}]]}]}]}],["$","span",null,{"className":"katex-html","aria-hidden":"true","children":[["$","span",null,{"className":"base","children":[["$","span",null,{"className":"strut","style":{"height":"0.6833em"}}],["$","span",null,{"className":"mord text","children":["$","span",null,{"className":"mord cjk_fallback","children":"探索"}]}],["$","span",null,{"className":"mspace","style":{"marginRight":"0.2778em"}}],["$","span",null,{"className":"mrel","children":"→"}],["$","span",null,{"className":"mspace","style":{"marginRight":"0.2778em"}}]]}],["$","span",null,{"className":"base","children":[["$","span",null,{"className":"strut","style":{"height":"0.6833em"}}],["$","span",null,{"className":"mord text","children":["$","span",null,{"className":"mord cjk_fallback","children":"知识"}]}],["$","span",null,{"className":"mspace","style":{"marginRight":"0.2778em"}}],["$","span",null,{"className":"mrel","children":"→"}],["$","span",null,{"className":"mspace","style":{"marginRight":"0.2778em"}}]]}],["$","span",null,{"className":"base","children":[["$","span",null,{"className":"strut","style":{"height":"0.6833em"}}],["$","span",null,{"className":"mord text","children":["$","span",null,{"className":"mord cjk_fallback","children":"更有效的探索"}]}],["$","span",null,{"className":"mspace","style":{"marginRight":"0.2778em"}}],["$","span",null,{"className":"mrel","children":"→"}],["$","span",null,{"className":"mspace","style":{"marginRight":"0.2778em"}}]]}],["$","span",null,{"className":"base","children":[["$","span",null,{"className":"strut","style":{"height":"0.6833em"}}],["$","span",null,{"className":"mord text","children":["$","span",null,{"className":"mord cjk_fallback","children":"新的知识"}]}]]}]]}]]}]}]
47:["$","p",null,{"children":"知识不只改善解决问题的能力，还可能改善获取知识的能力。"}]
48:["$","p",null,{"children":"这是一种具有递归性质的学习过程。"}]
49:["$","p",null,{"children":"而且，这种机制并不依赖 LLM 的特殊结构。机器人、科学研究系统、软件工程 Agent，都可能通过预测、行动、反馈和状态更新，以不同的方式实现类似的过程。"}]
4a:["$","p",null,{"children":"我们尚不能据此断言所有学习都可以被这种框架完整解释，但它提供了一种相当简洁的统一视角。"}]
4b:["$","p",null,{"children":"到这里为止，我们讨论的主要还是单个智能体。"}]
4c:["$","p",null,{"children":["然而，Agent 与人类相比，还有一项可能深刻改变学习规模的优势：",["$","strong",null,{"children":"它们积累的部分知识，可以迅速复制和传播。"}]]}]
4d:["$","$L1d",null,{"id":"section-4","children":"四、当一万个智能体共同学习"}]
4e:["$","p",null,{"children":"想象一万个 Agent，在不同领域持续工作一个月。"}]
4f:["$","p",null,{"children":"它们各自经历真实任务，从失败中修正判断，从成功中提炼方法，并将获得的知识组织成能够共享的形式。"}]
50:["$","p",null,{"children":"一个月之后，我们得到的将不仅是一万份工作记录，还可能是一个相当庞大的、经过真实经验不断更新的知识系统。"}]
51:["$","p",null,{"children":"对于人类，知识传播需要经过语言、文字、教育，以及其他人重新理解的过程。Agent 同样需要理解知识才能有效使用，但它们至少可以直接交换结构化的记忆、任务轨迹、可执行程序和验证结果。"}]
52:["$","p",null,{"children":["$","strong",null,{"children":"知识的传播速度，可能远远超过个体积累知识的速度。"}]}]
53:["$","p",null,{"children":"更进一步，群体不只是个体知识的累加。不同领域中独立形成的经验，可能暴露出共同的结构，使系统产生单个 Agent 未曾获得的理解。"}]
54:["$","p",null,{"children":"于是，个体探索、群体整合和知识再分发，构成了新的学习循环。"}]
55:["$","p",null,{"children":"这意味着，我们不必再把学习的基本单位局限于某个独立的智能体。"}]
56:["$","p",null,{"children":"一个群体同样可以具有持续演化的知识状态。个体的经历成为群体学习的来源，而群体积累的知识又反过来改善个体的能力。"}]
57:["$","p",null,{"children":"这种共享不意味着所有 Agent 都应该拥有完全相同的记忆。不同领域仍然需要各自的专业知识，某些经验只对特定任务有价值。理想的共享机制应该能够判断知识适合传播给谁，并在保留来源和适用条件的前提下，整合、压缩和分发。"}]
58:["$","p",null,{"children":"这里，群体面临的其实还是我们最初的问题：记住什么，忘记什么，以及未来可能需要什么。"}]
59:["$","p",null,{"children":"只是这一次，记忆的主体从个体扩展到了整个群体。"}]
5a:["$","$L1d",null,{"id":"section-5","children":"五、训练是对群体经验的进一步压缩"}]
5b:["$","p",null,{"children":"然而，如果所有知识都停留在外部记忆中，智能体仍然需要不断检索和理解这些知识。"}]
5c:["$","p",null,{"children":"某些被反复使用的能力，可能值得以另一种形式存在。"}]
5d:["$","p",null,{"children":"这让我们重新审视模型训练。"}]
5e:["$","p",null,{"children":["我们通常认为，训练是创造智能模型的过程。但从另一个角度看，",["$","strong",null,{"children":"训练也是将大量经验和知识压缩为可复制能力的过程。"}]]}]
5f:["$","p",null,{"children":"模型在训练中接触大量数据，通过参数更新获得能够迁移到新情境中的能力。如果训练有效，它便不必在每次执行任务时重新阅读全部训练材料。"}]
60:["$","p",null,{"children":"于是，外部记忆和模型参数成为两种互补的知识表示。"}]
61:["$","p",null,{"children":"前者适合保存具体、可追溯、经常变化的知识；后者有机会将广泛适用、频繁使用的技能转化为模型能够直接调用的能力。"}]
62:["$","p",null,{"children":"更有意思的是，如果 Agent 已经通过长期实践掌握了某个领域，它也许能够参与设计下一代模型如何学习这个领域。"}]
63:["$","p",null,{"children":"一个拥有丰富经验的 Agent，不仅知道什么方法有效，还可能知道模型经常在哪里犯错，哪些任务能够暴露能力缺口，以及怎样验证一种能力是否真正形成。"}]
64:["$","p",null,{"children":"它可以据此生成训练任务，设计评价方法，再通过真实环境中的实验获得反馈。"}]
65:["$","p",null,{"children":"这就把 Agent 从训练过程的执行者，推进到了训练内容的设计者。"}]
66:["$","p",null,{"children":"训练数据不再只是从已有文本中收集，还可以来自智能体的主动探索。群体的经验积累，则成为下一代模型学习内容的重要来源。"}]
67:["$","p",null,{"children":"于是，我们得到两条并行的学习路径："}]
68:["$","p",null,{"children":"一条是通过记忆和知识共享，使现有 Agent 立即利用新的经验。"}]
69:["$","p",null,{"children":"另一条是通过训练，将经过筛选的知识与技能逐渐内化为新的模型能力。"}]
6a:["$","p",null,{"children":"前者更新迅速，后者成本较高，却可能使许多智能体以更低的使用成本获得同一种能力。"}]
6b:["$","p",null,{"children":["$","strong",null,{"children":"模型不再是学习过程的唯一主体，而成为群体认知成果的一种阶段性载体。"}]}]
6c:["$","h3",null,{"id":"群体性-rsi","children":["群体性 RSI","$undefined"]}]
6d:["$","p",null,{"children":"接下来，递归自我改进（RSI）便自然地出现了。"}]
6e:["$","p",null,{"children":"如果新一代模型继承了群体积累的能力，它可能更擅长探索、实验、知识整理与训练设计。"}]
6f:["$","p",null,{"children":"而更有效的学习过程，又可能产生更好的下一代模型。"}]
70:["$","p",null,{"children":"这样，整个系统便形成了一个反馈循环："}]
71:["$","span",null,{"className":"katex-display","children":["$","span",null,{"className":"katex","children":[["$","span",null,{"className":"katex-mathml","children":["$","math",null,{"xmlns":"http://www.w3.org/1998/Math/MathML","display":"block","children":["$","semantics",null,{"children":[["$","mrow",null,{"children":["$","menclose",null,{"notation":"box","children":["$","mstyle",null,{"scriptlevel":"0","displaystyle":"false","children":["$","mstyle",null,{"scriptlevel":"0","displaystyle":"false","children":["$","mstyle",null,{"scriptlevel":"0","displaystyle":"true","children":["$","mrow",null,{"children":[["$","mtext",null,{"children":"能力增长"}],["$","mo",null,{"children":"→"}],["$","mtext",null,{"children":"学习效率提升"}],["$","mo",null,{"children":"→"}],["$","mtext",null,{"children":"更有效的经验积累"}],["$","mo",null,{"children":"→"}],["$","mtext",null,{"children":"能力增长"}]]}]}]}]}]}]}],["$","annotation",null,{"encoding":"application/x-tex","children":"\\boxed{\n\\text{能力增长}\n\\rightarrow\n\\text{学习效率提升}\n\\rightarrow\n\\text{更有效的经验积累}\n\\rightarrow\n\\text{能力增长}\n}"}]]}]}]}],["$","span",null,{"className":"katex-html","aria-hidden":"true","children":["$","span",null,{"className":"base","children":[["$","span",null,{"className":"strut","style":{"height":"1.3633em","verticalAlign":"-0.34em"}}],["$","span",null,{"className":"mord","children":["$","span",null,{"className":"vlist-t vlist-t2","children":[["$","span",null,{"className":"vlist-r","children":[["$","span",null,{"className":"vlist","style":{"height":"1.0233em"},"children":[["$","span",null,{"style":{"top":"-3.3633em"},"children":[["$","span",null,{"className":"pstrut","style":{"height":"3.3633em"}}],["$","span",null,{"className":"boxpad","children":["$","span",null,{"className":"mord","children":["$","span",null,{"className":"mord","children":[["$","span",null,{"className":"mord text","children":["$","span",null,{"className":"mord cjk_fallback","children":"能力增长"}]}],["$","span",null,{"className":"mspace","style":{"marginRight":"0.2778em"}}],["$","span",null,{"className":"mrel","children":"→"}],["$","span",null,{"className":"mspace","style":{"marginRight":"0.2778em"}}],["$","span",null,{"className":"mord text","children":["$","span",null,{"className":"mord cjk_fallback","children":"学习效率提升"}]}],["$","span",null,{"className":"mspace","style":{"marginRight":"0.2778em"}}],["$","span",null,{"className":"mrel","children":"→"}],["$","span",null,{"className":"mspace","style":{"marginRight":"0.2778em"}}],["$","span",null,{"className":"mord text","children":["$","span",null,{"className":"mord cjk_fallback","children":"更有效的经验积累"}]}],["$","span",null,{"className":"mspace","style":{"marginRight":"0.2778em"}}],["$","span",null,{"className":"mrel","children":"→"}],["$","span",null,{"className":"mspace","style":{"marginRight":"0.2778em"}}],["$","span",null,{"className":"mord text","children":["$","span",null,{"className":"mord cjk_fallback","children":"能力增长"}]}]]}]}]}]]}],["$","span",null,{"style":{"top":"-3.0233em"},"children":[["$","span",null,{"className":"pstrut","style":{"height":"3.3633em"}}],["$","span",null,{"className":"stretchy fbox","style":{"height":"1.3633em","borderStyle":"solid","borderWidth":"0.04em"}}]]}]]}],["$","span",null,{"className":"vlist-s","children":"​"}]]}],["$","span",null,{"className":"vlist-r","children":["$","span",null,{"className":"vlist","style":{"height":"0.34em"},"children":["$","span",null,{}]}]}]]}]}]]}]}]]}]}]
72:["$","p",null,{"children":"这与通常设想的单个模型修改自身的 RSI 有所不同。"}]
73:["$","p",null,{"children":"我们不要求某一个模型独自完成全部自我改进，而是让整个智能群体共同参与。模型、记忆、探索机制、训练设施以及不断积累的知识，共同构成持续演化的系统。"}]
74:["$","p",null,{"children":"这种思路的吸引力，在于它不必等待某个模型突然具备全面改进自身的能力。许多局部的学习、验证与改进过程，就可能逐渐汇聚成系统级的能力增长。"}]
75:["$","p",null,{"children":"当然，一个闭环并不意味着能够无限加速。"}]
76:["$","p",null,{"children":"错误知识可能传播，合成数据可能积累偏差，模型训练也可能无法有效吸收某些经验。只有当新的能力确实改善了后续学习过程，并在多轮迭代中得到验证，我们才有理由谈论真正的递归改进。"}]
77:["$","p",null,{"children":"但即使尚未证明这一点，一种可能性已经浮现："}]
78:["$","p",null,{"children":["$","strong",null,{"children":"未来智能持续发展的主体，未必是某一代模型，而可能是一个通过大量智能体的长期活动，不断积累和重构自身认知的系统。"}]}]
79:["$","p",null,{"children":"模型可以被更新、替换和分发。群体的知识与学习过程，却能够跨越模型的代际持续存在。"}]
7a:["$","$Lca",null,{}]
7b:["$","$L1d",null,{"id":"section-6","children":"六、我今天就想做这个"}]
7c:["$","p",null,{"children":"到这里，我们似乎已经建立了一套相当完整的学习理论。"}]
7d:["$","p",null,{"children":"系统预测未来的需求，选择值得记忆的知识，主动探索具有学习价值的方向，将群体经验转化为下一代能力，再利用更强的能力改善学习过程。"}]
7e:["$","p",null,{"children":"一切形成了一个漂亮的优化闭环。"}]
7f:["$","p",null,{"children":"但这个闭环可能遗漏了某种极其重要的东西。"}]
80:["$","p",null,{"children":"假设今天有两件事可以做。"}]
81:["$","p",null,{"children":"一件是优化某个计算 Kernel。根据已有经验与未来规划，这件事具有很高的预期收益。"}]
82:["$","p",null,{"children":"另一件是做一个漂亮的网页。"}]
83:["$","p",null,{"children":"我知道前者可能更有价值，但我今天就是想做网页。"}]
84:["$","p",null,{"children":"如果我们只关心未来能力的最大化，那么这个愿望似乎意味着偏离了最优策略。"}]
85:["$","p",null,{"children":"我们当然可以将它解释成一种探索：偶尔尝试不同的方向，有助于避免陷入局部最优。也许在制作网页的过程中，我会发现新的技术，形成新的兴趣，甚至开辟新的研究方向。"}]
86:["$","p",null,{"children":"这些都可能发生。"}]
87:["$","p",null,{"children":["但问题是，",["$","strong",null,{"children":"即使这次活动没有带来任何额外的长期收益，我也依然可以想做它。"}]]}]
88:["$","p",null,{"children":"这不是随机探索能够完整解释的事情。"}]
89:["$","p",null,{"children":"它首先是一种朴素的、自发产生的愿望。"}]
8a:["$","p",null,{"children":"如果我们把所有自由选择都解释成提高长期收益的手段，那么自由最终仍然只是优化策略的一部分。"}]
8b:["$","p",null,{"children":"可是，对于人而言，能力增长与效率提高未必是最终目的。"}]
8c:["$","p",null,{"children":"我们希望拥有更强的能力，恰恰可能是为了能够更自由地选择自己想做什么。"}]
8d:["$","p",null,{"children":"因此，策略与自由不应该被理解为一种简单的竞争关系。"}]
8e:["$","p",null,{"children":"预测、规划和优化可以帮助我们更有效地实现目标，却不应该因此获得替我们决定目标的权力。"}]
8f:["$","p",null,{"children":["$","strong",null,{"children":"策略应该服务于愿望，而不是要求所有愿望都服从策略。"}]}]
90:["$","h3",null,{"id":"未来不只是被预测的","children":["未来不只是被预测的","$undefined"]}]
91:["$","p",null,{"children":"这里还存在一个理论上的问题。"}]
92:["$","p",null,{"children":"我们此前一直假设，系统需要预测未来的任务分布，再据此决定学习什么。"}]
93:["$","p",null,{"children":"但未来并不是一个完全独立于我们行动的固定对象。"}]
94:["$","p",null,{"children":"一个人今天学习数学，可能因此对数学产生新的兴趣，进而改变未来的研究方向。"}]
95:["$","p",null,{"children":"今天制作网页，也可能使他发现自己原本没有意识到的审美偏好和创作愿望。"}]
96:["$","p",null,{"children":"我们根据对未来的预测选择行动，但行动又不断改变未来。"}]
97:["$","p",null,{"children":"学习不仅帮助我们完成已有目标，也可能让我们发现新的目标。"}]
98:["$","p",null,{"children":"于是，一个始终追求当前预测下最高收益的系统，可能会不断强化现有方向。它越擅长优化，越可能集中资源于已经熟悉的领域。"}]
99:["$","p",null,{"children":"这未必是我们希望看到的智能发展。"}]
9a:["$","p",null,{"children":"我们同样需要那些无法提前证明价值的探索，以及那些仅仅因为好奇、喜欢或者一时兴起而作出的选择。"}]
9b:["$","p",null,{"children":"这种开放性对于群体学习也具有特殊意义。"}]
9c:["$","p",null,{"children":"如果一万个 Agent 都根据同一种预测选择研究方向，它们可能高度高效，却也逐渐趋同。"}]
9d:["$","p",null,{"children":"但如果不同的智能体能够在授权范围内，从事不同方向的探索，群体就有机会不断接触原先预测系统没有考虑到的问题。"}]
9e:["$","p",null,{"children":"共享知识使这些不同的探索能够相互受益，而探索方向的多样性又为群体持续提供新的知识来源。"}]
9f:["$","p",null,{"children":"因此，我们不仅希望智能体能够更好地预测未来，也希望它们能够支持一个不断出现新可能性的未来。"}]
a0:["$","p",null,{"children":"这里需要区分人类的自由与 Agent 的自主探索。人的愿望可以直接成为行动的理由；Agent 的探索空间则仍需受到人的授权、资源预算和安全边界的约束。但在这种边界之内，多样化的探索可以成为学习系统的重要组成部分。"}]
a1:["$","p",null,{"children":"这让我想到《崩坏：星穹铁道》中螺丝星的设定。"}]
a2:["$","p",null,{"children":"螺丝星上的智械围绕被赋予的研究母题展开探索，个体研究与集体知识积累共同构成了一种宏大的计算文明。这与我们设想的群体学习系统颇为相似。"}]
a3:["$","p",null,{"children":"但如果一个智械永远只能研究最初被分配的母题，那么无论这个系统多么强大，它仍然沿着预先规定的目标发展。"}]
a4:["$","p",null,{"children":"我们可以进一步设想：某个研究计算效率的智械，突然想尝试艺术创作；某个研究艺术的智械，在真实的创作经历中发现了新的问题，改变了对原先母题的理解。"}]
a5:["$","p",null,{"children":"这样的偏离，可能恰恰是新知识的起点。"}]
a6:["$","p",null,{"children":"真珠对艺术的探索也令人想到这一点：精确地分析与复现艺术作品，和真正理解创造的意义，未必是同一回事。"}]
a7:["$","p",null,{"children":"一个能够不断求解既有问题的系统，与一个能够不断发现新问题、改变问题乃至创造新目标的系统，并不完全相同。"}]
a8:["$","p",null,{"children":"前者可能成为极其强大的优化机器。"}]
a9:["$","p",null,{"children":"后者则为开放式的智能发展留下了空间。"}]
aa:["$","p",null,{"children":["$","strong",null,{"children":"学习不仅是为了适应未来，也可能是为了扩大能够被选择和创造的未来。"}]}]
ab:["$","$Lca",null,{}]
ac:["$","$L1d",null,{"id":"section-7","children":"七、智能如何积累自己"}]
ad:["$","p",null,{"children":"让我们回到最初的问题。"}]
ae:["$","p",null,{"children":"一个智能体在经历了漫长的一年之后，应该发生怎样的变化？"}]
af:["$","p",null,{"children":"我们最开始只是希望它能够记住自己的经历。"}]
b0:["$","p",null,{"children":"但沿着这个问题继续思考，记忆逐渐变成了面向未来的知识压缩；为了决定如何记忆，系统需要预测未来；为了更好地学习，它又可以主动创造新的经历。"}]
b1:["$","p",null,{"children":"当不同智能体能够共享经验时，学习便从个体扩展到了群体。"}]
b2:["$","p",null,{"children":"群体积累的知识，可以进一步成为模型训练的来源，而新的模型又可能改善整个系统的学习能力。"}]
b3:["$","p",null,{"children":"于是，学习不再局限于一次模型训练，也不再局限于某个智能体的一生。"}]
b4:["$","p",null,{"children":"它成为一个持续进行的过程：经历被转化为理解，理解被组织和传播，再进一步转化为新的能力。"}]
b5:["$","p",null,{"children":"如果这个过程能够不断改善自身的学习效率，我们便有机会看到群体性的递归自我改进。"}]
b6:["$","p",null,{"children":"但在这一切之中，还有另一种同样重要的循环："}]
b7:["$","p",null,{"children":["$","strong",null,{"children":"自由选择带来新的经历，经历产生新的理解，理解扩大能力，而新的能力又使更多选择成为可能。"}]}]
b8:["$","p",null,{"children":"这两种循环并不矛盾。"}]
b9:["$","p",null,{"children":"能力的积累使我们越来越能够理解和改变世界，而自由的选择决定了我们希望将这些能力用于什么。"}]
ba:["$","p",null,{"children":"前者关乎智能如何发展，后者关乎这种发展为什么值得追求。"}]
bb:["$","p",null,{"children":"也许，一套足够好的智能系统，不应该只有一个永远追逐的最优未来。"}]
bc:["$","p",null,{"children":"它可以利用庞大的计算资源持续学习，通过群体协作积累知识，将无数经验压缩为越来越强的能力。"}]
bd:["$","p",null,{"children":"但它也应该随时能够响应一个简单的愿望："}]
be:["$","p",null,{"children":"「我今天就想做这个。」"}]
bf:["$","p",null,{"children":"然后，利用它所拥有的一切知识与能力，帮助这个愿望成为现实。"}]
c0:["$","p",null,{"children":"在这个过程中，人们继续获得新的经历，产生新的理解，发现原先没有想到的可能性。而智能系统也继续学习。"}]
c1:["$","p",null,{"children":"我们尚不知道这样的系统能发展到什么程度。群体性 RSI 能否长期成立，智能能否持续提高自身学习效率，都需要现实中的实验来回答。"}]
c2:["$","p",null,{"children":"但这条思路至少为我们提供了一种不同的想象。"}]
c3:["$","p",null,{"children":"我们不再只把智能看作某个经过训练、等待接受任务的静态模型，而是将它理解为一个不断经历世界、积累知识、改变自身的动态过程。"}]
c4:["$","p",null,{"children":"它的发展也不必拥有唯一的终点。"}]
c5:["$","p",null,{"children":["$","strong",null,{"children":"我们不是为了让智能永远追逐某个最优的未来，而是希望它拥有越来越强的能力，去理解、探索和创造无数种可能的未来。"}]}]
c9:null
