1:"$Sreact.fragment"
2:I[39756,["/_next/static/chunks/01xlw8hd842-c.js","/_next/static/chunks/0d3shmwh5_nmn.js"],"default"]
3:I[37457,["/_next/static/chunks/01xlw8hd842-c.js","/_next/static/chunks/0d3shmwh5_nmn.js"],"default"]
4:I[22016,["/_next/static/chunks/01xlw8hd842-c.js","/_next/static/chunks/0d3shmwh5_nmn.js","/_next/static/chunks/0ka051yepewro.js"],""]
7:I[97367,["/_next/static/chunks/01xlw8hd842-c.js","/_next/static/chunks/0d3shmwh5_nmn.js"],"OutletBoundary"]
8:"$Sreact.suspense"
b:I[97367,["/_next/static/chunks/01xlw8hd842-c.js","/_next/static/chunks/0d3shmwh5_nmn.js"],"ViewportBoundary"]
d:I[97367,["/_next/static/chunks/01xlw8hd842-c.js","/_next/static/chunks/0d3shmwh5_nmn.js"],"MetadataBoundary"]
f:I[68027,["/_next/static/chunks/01xlw8hd842-c.js","/_next/static/chunks/0d3shmwh5_nmn.js"],"default",1]
:HL["/_next/static/chunks/140voquf.f8~f.css","style"]
:HL["/_next/static/chunks/0bqx3c1pua-l2.css","style"]
:HL["/_next/static/media/fusion_pixel_12px_monospaced_zh_hans_otf-s.p.0x5px7z_ohyny.woff2","font",{"crossOrigin":"","type":"font/woff2"}]
:HL["/_next/static/media/mrs_saint_delafield-s.p.0a3u6sv6kzmt6.woff2","font",{"crossOrigin":"","type":"font/woff2"}]
:HL["/_next/static/chunks/0n3g8u-gvnak7.css","style"]
0:{"P":null,"c":["","zh","blog","why-i-want-to-keep-living",""],"q":"","i":false,"f":[[["",{"children":[["locale","zh","d",null],{"children":["blog",{"children":[["slug","why-i-want-to-keep-living","d",null],{"children":["__PAGE__",{}]}]}]}]},"$undefined","$undefined",16],[["$","$1","c",{"children":[[["$","link","0",{"rel":"stylesheet","href":"/_next/static/chunks/140voquf.f8~f.css","precedence":"next","crossOrigin":"$undefined","nonce":"$undefined"}],["$","script","script-0",{"src":"/_next/static/chunks/01xlw8hd842-c.js","async":true,"nonce":"$undefined"}],["$","script","script-1",{"src":"/_next/static/chunks/0d3shmwh5_nmn.js","async":true,"nonce":"$undefined"}]],["$","html",null,{"lang":"en","children":["$","body",null,{"className":"pixel_dd6c0d1c-module__ttWm1q__variable","children":["$","$L2",null,{"parallelRouterKey":"children","error":"$undefined","errorStyles":"$undefined","errorScripts":"$undefined","template":["$","$L3",null,{}],"templateStyles":"$undefined","templateScripts":"$undefined","notFound":[["$","main",null,{"style":{"minHeight":"100vh","display":"grid","placeItems":"center","padding":"0 24px","background":"#f8f4ea","color":"#2a2a2e","fontFamily":"var(--font-serif)","textAlign":"center"},"children":["$","div",null,{"children":[["$","p",null,{"style":{"margin":0,"fontSize":22,"letterSpacing":"0.08em"},"children":"这一页还没画。"}],["$","p",null,{"style":{"margin":"10px 0 32px","fontSize":15,"opacity":0.6},"children":"This page hasn't been drawn."}],["$","p",null,{"style":{"margin":0,"fontSize":15,"display":"flex","gap":28,"justifyContent":"center"},"children":[["$","$L4",null,{"href":"/zh/","children":"回到首页 →"}],["$","$L4",null,{"href":"/en/","children":"Home →"}]]}]]}]}],[]],"forbidden":"$undefined","unauthorized":"$undefined"}]}]}]]}],{"children":[["$","$1","c",{"children":[[["$","link","0",{"rel":"stylesheet","href":"/_next/static/chunks/0bqx3c1pua-l2.css","precedence":"next","crossOrigin":"$undefined","nonce":"$undefined"}],["$","script","script-0",{"src":"/_next/static/chunks/0hgnuhfhd71n8.js","async":true,"nonce":"$undefined"}]],"$L5"]}],{"children":[["$","$1","c",{"children":[null,["$","$L2",null,{"parallelRouterKey":"children","error":"$undefined","errorStyles":"$undefined","errorScripts":"$undefined","template":["$","$L3",null,{}],"templateStyles":"$undefined","templateScripts":"$undefined","notFound":"$undefined","forbidden":"$undefined","unauthorized":"$undefined"}]]}],{"children":[["$","$1","c",{"children":[null,["$","$L2",null,{"parallelRouterKey":"children","error":"$undefined","errorStyles":"$undefined","errorScripts":"$undefined","template":["$","$L3",null,{}],"templateStyles":"$undefined","templateScripts":"$undefined","notFound":"$undefined","forbidden":"$undefined","unauthorized":"$undefined"}]]}],{"children":[["$","$1","c",{"children":["$L6",[["$","link","0",{"rel":"stylesheet","href":"/_next/static/chunks/0n3g8u-gvnak7.css","precedence":"next","crossOrigin":"$undefined","nonce":"$undefined"}],["$","script","script-0",{"src":"/_next/static/chunks/0pu6xgl0t.okr.js","async":true,"nonce":"$undefined"}]],["$","$L7",null,{"children":["$","$8",null,{"name":"Next.MetadataOutlet","children":"$@9"}]}]]}],{},null,false,null]},null,false,"$@a"]},null,false,"$@a"]},null,false,null]},null,false,null],["$","$1","h",{"children":[null,["$","$Lb",null,{"children":"$Lc"}],["$","div",null,{"hidden":true,"children":["$","$Ld",null,{"children":["$","$8",null,{"name":"Next.Metadata","children":"$Le"}]}]}],["$","meta",null,{"name":"next-size-adjust","content":""}]]}],false]],"m":"$undefined","G":["$f",[["$","link","0",{"rel":"stylesheet","href":"/_next/static/chunks/140voquf.f8~f.css","precedence":"next","crossOrigin":"$undefined","nonce":"$undefined"}]]],"S":true,"h":null,"s":"$undefined","l":"$undefined","p":"$undefined","d":"$undefined","b":"-m11H3U0xb0ycttpV8-SP"}
10:[]
a:"$W10"
11:I[76440,["/_next/static/chunks/01xlw8hd842-c.js","/_next/static/chunks/0d3shmwh5_nmn.js","/_next/static/chunks/0hgnuhfhd71n8.js","/_next/static/chunks/0pu6xgl0t.okr.js"],"EraserProvider"]
5:["$","div",null,{"data-locale":"zh","children":["$","$L11",null,{"children":["$","$L2",null,{"parallelRouterKey":"children","error":"$undefined","errorStyles":"$undefined","errorScripts":"$undefined","template":["$","$L3",null,{}],"templateStyles":"$undefined","templateScripts":"$undefined","notFound":"$undefined","forbidden":"$undefined","unauthorized":"$undefined"}]}]}]
c:[["$","meta","0",{"charSet":"utf-8"}],["$","meta","1",{"name":"viewport","content":"width=device-width, initial-scale=1"}]]
12:I[27201,["/_next/static/chunks/01xlw8hd842-c.js","/_next/static/chunks/0d3shmwh5_nmn.js"],"IconMark"]
9:null
e:[["$","title","0",{"children":"我为什么想活下去 | Peter Tian"}],["$","meta","1",{"name":"description","content":"小时候我问爷爷人死了以后怎么办，他让我别说不吉利的话，快睡。现在我更相信自己能活很久了。前阵子和 AI 聊起这件事，它一路追着问，这里是那些问题和我的回答。"}],["$","link","2",{"rel":"icon","href":"/icon.svg?icon.0rf6nkx7rtn93.svg","sizes":"any","type":"image/svg+xml"}],["$","$L12","3",{}]]
13:I[75152,["/_next/static/chunks/01xlw8hd842-c.js","/_next/static/chunks/0d3shmwh5_nmn.js","/_next/static/chunks/0hgnuhfhd71n8.js","/_next/static/chunks/0pu6xgl0t.okr.js"],"PageShell"]
14:I[23562,["/_next/static/chunks/01xlw8hd842-c.js","/_next/static/chunks/0d3shmwh5_nmn.js","/_next/static/chunks/0hgnuhfhd71n8.js","/_next/static/chunks/0pu6xgl0t.okr.js"],"Seen"]
15:Tfd4,M903 458 c-5 -5 -5 -6 -4 -7 1 -1 2 -2 2 -4 -1 -3 3 -6 5 -4 2 1 3 1 4 0 1 -1 6 2 6 5 0 1 1 2 1 3 2 1 1 2 -3 7 l-6 5 -5 -5z M820 447 l-3 -3 3 -2 3 -3 3 3 3 2 -3 3 c-1 2 -3 3 -3 3 0 0 -2 -1 -3 -3z M149 344 c-2 -3 -3 -21 -1 -23 1 -1 1 -1 0 -2 -1 -2 -1 -2 1 -4 l2 -3 -2 -1 c-3 -3 -3 -4 0 -7 l3 -2 2 2 c3 3 3 4 0 7 l-2 1 2 3 c2 2 2 2 1 3 -1 2 -1 2 0 3 0 1 1 3 1 6 l1 4 9 -4 c6 -3 11 -6 12 -6 1 -2 2 -2 3 -1 1 1 1 -1 1 -7 0 -8 0 -9 -1 -8 -1 1 -2 0 -4 -2 l-2 -2 2 -2 c2 -2 3 -3 4 -2 1 1 1 -1 1 -14 0 -13 0 -16 -1 -15 -1 1 -2 0 -5 -2 l-2 -3 2 -3 c3 -3 4 -3 5 -1 2 1 2 1 4 -1 1 -2 2 -2 7 -2 6 1 16 0 28 -4 l10 -3 7 2 c16 6 27 7 44 1 l11 -4 -4 -1 c-3 -1 -8 -3 -12 -4 -4 -1 -9 -3 -10 -4 l-2 -2 3 -3 c1 -2 3 -3 4 -3 2 0 11 -3 12 -5 3 -2 2 -6 0 -7 -1 -1 -7 -3 -12 -5 -9 -2 -16 -6 -16 -10 0 -1 4 -5 11 -9 5 -4 6 -4 16 -4 8 0 10 0 12 2 1 2 1 2 3 0 3 -2 28 -3 31 -1 2 2 2 2 4 -1 l2 -2 -32 0 c-27 0 -32 0 -33 1 -2 3 -30 3 -32 1 -1 -2 -6 -2 -30 -2 l-28 0 2 2 c2 3 2 3 4 1 3 -2 27 -1 30 1 l2 2 -7 8 c-5 6 -7 7 -9 7 -2 -1 -3 0 -5 3 -2 1 -4 3 -5 3 -2 0 -9 -10 -9 -13 0 -3 0 -3 -1 -2 -1 0 -2 1 -3 0 0 -1 -19 -7 -21 -7 -1 0 -1 6 -1 18 0 13 0 18 -1 20 -1 1 -1 1 0 2 1 1 1 6 1 14 0 9 0 12 1 12 1 0 3 1 4 2 l2 3 -2 2 c-2 1 -3 2 -4 2 -1 0 -1 3 -1 11 0 11 0 12 -2 14 l-3 2 -2 -2 c-2 -3 -2 -3 -2 -30 0 -21 0 -28 1 -30 1 -1 1 -1 0 -2 -1 -1 -1 -5 -1 -10 0 -7 0 -8 -3 -10 l-3 -3 2 -3 c1 -1 3 -2 3 -2 0 1 0 -1 0 -3 0 -1 0 -4 1 -5 1 0 1 -1 0 -2 -1 -2 0 -10 3 -12 l2 -2 9 3 c11 4 12 5 10 2 -1 -1 -1 -1 1 -4 l2 -2 82 0 82 0 2 2 c1 2 2 4 2 5 -1 1 -1 1 0 1 1 0 6 -2 11 -4 l9 -3 3 2 2 2 0 21 c0 12 0 21 1 21 1 -1 5 3 5 6 0 2 -4 6 -5 5 -1 0 -1 11 -1 25 0 13 0 24 1 24 1 -1 5 3 5 5 0 1 -1 4 -3 5 l-2 3 -1 21 c0 22 0 22 -3 24 l-2 2 -14 -7 c-8 -3 -15 -7 -16 -9 -2 -2 -3 -2 -4 0 -2 2 -140 1 -142 -1 -2 -1 -2 -1 -4 1 -2 1 -9 5 -17 9 l-14 7 -2 -2z m209 -43 l0 -32 -3 0 c-3 0 -8 -4 -6 -6 1 -1 1 -1 -1 -1 -6 0 -8 -3 -8 -14 0 -10 0 -10 3 -12 4 -4 11 -5 13 -2 2 1 2 1 2 -20 0 -17 0 -21 -1 -21 -1 0 -6 2 -11 4 -6 2 -11 4 -11 4 -1 1 -2 0 -3 0 -1 -2 -2 -2 -2 3 0 3 0 5 -2 6 l-2 3 2 1 c2 2 2 4 2 10 0 7 0 7 2 6 1 -2 2 -2 4 0 l2 2 -2 3 c-2 2 -2 2 -4 0 -2 -1 -2 -1 -2 7 0 7 0 9 -2 11 -1 2 -1 2 0 4 1 1 2 2 2 3 0 1 0 1 2 0 2 -2 2 -2 5 1 l2 3 -2 3 c-3 3 -3 3 -5 1 -2 -1 -2 0 -2 27 0 25 1 28 2 26 1 -1 2 -1 3 0 0 1 21 11 23 11 0 0 0 -14 0 -31z m-74 -17 c1 0 1 0 0 -1 0 -1 -1 0 -3 2 l-3 3 -4 -3 c-2 -2 -3 -3 -3 -2 -1 1 0 1 0 1 1 0 3 1 4 3 l2 2 3 -2 c1 -2 3 -3 4 -3z M518 242 c-2 -2 -4 -3 -5 -3 -1 0 -5 -5 -4 -6 0 -1 0 -1 -1 -1 0 1 -5 -3 -5 -4 0 -4 5 -6 11 -6 13 0 27 2 29 5 l2 2 -2 3 c-1 1 -3 2 -3 2 -1 0 -2 1 -4 2 l-2 2 -2 -2 c-3 -2 -5 -1 -5 3 0 2 -4 6 -6 6 0 0 -2 -1 -3 -3z M240 237 c-6 -2 -11 -5 -11 -8 0 -1 7 -7 11 -9 5 -2 20 0 24 3 l2 2 -3 3 c-1 2 -3 3 -4 3 -2 0 -2 0 -1 2 2 2 2 2 0 4 -3 2 -3 2 -5 1 -2 -2 -2 -2 -4 -1 -1 1 -2 2 -2 2 0 0 -3 -1 -7 -2z M179 237 c-1 -1 -1 -1 -2 -1 0 1 -2 0 -3 -1 l-2 -3 2 -2 c2 -1 3 -2 3 -1 0 0 1 0 1 -1 1 -1 6 2 6 5 0 1 -5 5 -5 4z M128 217 c-4 -3 -4 -6 -1 -9 l2 -1 -2 -2 -2 -3 2 -2 c2 -1 3 -2 3 -1 1 0 1 -3 1 -8 0 -7 0 -8 3 -11 l3 -3 2 3 c4 4 4 20 0 24 l-2 3 2 1 c3 3 3 6 -1 9 -3 4 -7 4 -10 0z M34 203 c-3 -4 -4 -7 -1 -11 l2 -2 -2 -1 c-2 -2 -2 -3 -2 -64 l0 -62 3 -2 c2 -2 2 -2 4 -1 1 2 2 2 3 0 2 -1 2 -1 5 2 3 2 3 3 3 9 0 4 0 7 -1 8 -1 0 5 -1 11 -2 l13 -3 3 2 c3 4 5 15 2 18 -1 2 -1 2 0 4 1 1 2 4 3 8 1 3 2 8 3 10 l3 5 -4 4 c-3 2 -6 4 -7 4 -2 1 -5 2 -7 4 -2 1 -4 2 -5 2 -1 0 -1 0 -1 1 1 0 -1 3 -3 6 -1 3 -3 6 -3 7 0 3 -4 6 -6 5 -1 -1 -1 2 -1 15 0 16 0 17 -3 19 l-2 2 2 3 c3 3 3 7 -1 10 -4 4 -7 4 -11 0z m10 -88 c0 -6 0 -8 1 -10 2 -1 2 -2 0 -3 -3 -2 -3 -2 -3 1 -2 6 -1 20 0 20 1 0 2 -3 2 -8z M329 153 c-5 -2 -8 -8 -4 -12 1 -2 1 -2 -1 -4 -1 -2 -1 -2 1 -5 l3 -3 0 -22 0 -23 -2 -2 c-4 -3 -4 -15 -1 -18 2 -2 3 -2 4 -1 1 2 1 2 3 1 1 -2 2 -2 4 1 l3 3 0 34 c0 33 0 34 -2 36 l-2 1 2 2 c3 4 2 6 -2 10 -3 3 -3 3 -6 2z M234 121 c-4 -4 -4 -7 0 -10 l2 -3 -2 -2 c-3 -2 -3 -2 -3 -20 0 -16 0 -18 -2 -17 -1 1 -1 1 -3 -1 -3 -2 -3 -4 -5 -16 -1 -4 6 -8 9 -6 1 1 1 -1 1 -9 0 -10 0 -11 3 -13 3 -3 3 -3 5 -2 2 2 2 2 3 0 1 -1 2 -1 4 2 l3 2 0 39 c0 39 0 39 -2 42 l-2 2 2 3 c3 3 3 5 -1 9 -5 4 -7 4 -12 0z6:["$","$L13",null,{"locale":"zh","other":"/en/blog/why-i-want-to-keep-living/","children":[["$","article",null,{"className":"gallery-module__3h_Zma__reading","children":[["$","$L14",null,{"as":"header","className":"gallery-module__3h_Zma__readingHead gallery-module__3h_Zma__chapterHead","children":[["$","svg",null,{"className":"gallery-module__3h_Zma__chapterArt","viewBox":"0 0 1060 470","aria-hidden":true,"children":[["$","filter",null,{"id":"chapter-wash-why-i-want-to-keep-living","x":"-5%","y":"-5%","width":"110%","height":"110%","children":[["$","feTurbulence",null,{"type":"fractalNoise","baseFrequency":".03","numOctaves":"2","seed":"3","result":"n"}],["$","feDisplacementMap",null,{"in":"SourceGraphic","in2":"n","scale":"6"}]]}],["$","filter",null,{"id":"chapter-soft-why-i-want-to-keep-living","x":"-20%","y":"-20%","width":"140%","height":"140%","children":[["$","feTurbulence",null,{"type":"fractalNoise","baseFrequency":".015","numOctaves":"3","seed":"7","result":"n"}],["$","feDisplacementMap",null,{"in":"SourceGraphic","in2":"n","scale":"24"}],["$","feGaussianBlur",null,{"stdDeviation":"2.5"}]]}],["$","filter",null,{"id":"chapter-edge-why-i-want-to-keep-living","children":["$","feGaussianBlur",null,{"stdDeviation":"16"}]}],["$","mask",null,{"id":"chapter-mask-why-i-want-to-keep-living","children":["$","rect",null,{"x":24,"y":24,"width":1012,"height":422,"fill":"#fff","filter":"url(#chapter-edge-why-i-want-to-keep-living)"}]}],["$","g",null,{"mask":"url(#chapter-mask-why-i-want-to-keep-living)","children":[[["$","path","81",{"fill":"#b6c3e3","opacity":0.45,"d":"M230 170 C230 60 461 49 626 60 C890 82 906 192 758 258 C593 302 263 280 230 170 Z","filter":"url(#chapter-soft-why-i-want-to-keep-living)"}]],["$","g",null,{"transform":"translate(0 483) scale(1 -1)","filter":"url(#chapter-wash-why-i-want-to-keep-living)","children":[["$","path","#f8f4ea4052",{"fill":"#f8f4ea","d":"$15"}],"$L16","$L17","$L18","$L19","$L1a","$L1b","$L1c","$L1d"]}],[],"$L1e"]}]]}],"$L1f","$L20","$L21","$L22"]}],"$L23"]}],"$L24"]}]
26:I[23562,["/_next/static/chunks/01xlw8hd842-c.js","/_next/static/chunks/0d3shmwh5_nmn.js","/_next/static/chunks/0hgnuhfhd71n8.js","/_next/static/chunks/0pu6xgl0t.okr.js"],"InkRule"]
28:I[76440,["/_next/static/chunks/01xlw8hd842-c.js","/_next/static/chunks/0d3shmwh5_nmn.js","/_next/static/chunks/0hgnuhfhd71n8.js","/_next/static/chunks/0pu6xgl0t.okr.js"],"EraseLink"]
16:["$","path","#f2c46d607",{"fill":"#f2c46d","d":"M664 400 c-4 -3 -4 -3 -2 -5 1 -1 1 -2 0 -2 0 0 1 -1 2 -2 1 -2 3 -3 5 -3 2 1 6 4 5 5 0 0 1 1 2 2 1 1 1 2 -4 6 l-4 3 -4 -4z M791 396 c-3 -3 -4 -5 -3 -5 1 -1 1 -2 1 -3 0 -2 3 -5 7 -6 3 0 8 4 7 6 -1 0 0 1 1 2 1 2 1 2 -4 6 l-5 4 -4 -4z M458 382 c-4 -3 -9 -8 -10 -12 -8 -18 17 -38 31 -25 l2 2 -2 3 c-1 1 -3 2 -4 2 -1 0 -4 1 -7 2 -7 4 -9 13 -5 21 l3 5 -2 2 c-3 2 -3 2 -6 0z M565 359 l-3 -4 3 -3 c3 -4 4 -4 7 -1 3 4 3 5 0 8 l-4 3 -3 -3z M606 335 c-4 -3 -4 -3 -2 -6 3 -7 9 -7 12 0 2 3 2 3 -2 6 -2 2 -4 3 -4 3 0 0 -2 -1 -4 -3z M419 302 l-4 -3 3 -4 c4 -5 7 -5 10 -3 1 2 2 3 1 3 0 1 0 2 1 2 1 2 0 2 -3 5 -4 4 -4 4 -8 0z"}]
17:["$","path","#7d90b3119",{"fill":"#7d90b3","d":"M221 341 c-45 0 -45 0 -48 -2 -2 -2 -2 -2 0 -4 5 -6 4 -6 83 -6 81 0 77 0 84 6 l2 2 -2 3 -2 2 -36 0 c-20 0 -56 -1 -81 -1z"}]
18:["$","path","#a9c98a395",{"fill":"#a9c98a","d":"M156 328 c-2 -3 -2 -4 -2 -30 0 -32 0 -32 10 -32 10 0 10 0 10 30 0 28 1 26 -10 31 l-6 3 -2 -2z M349 328 c-10 -5 -9 -3 -9 -32 l0 -26 2 -2 c3 -3 12 -2 15 1 3 4 4 56 1 59 -3 2 -3 2 -9 0z M156 260 c-2 -3 -2 -3 -2 -32 l0 -29 2 -2 c3 -2 3 -2 8 0 10 3 10 1 10 33 0 27 0 28 -2 30 -3 3 -13 3 -16 0z M342 234 c-2 -2 -2 -4 -2 -17 0 -17 0 -18 9 -21 5 -1 5 -1 8 1 2 2 2 3 2 17 0 17 0 19 -9 21 -5 1 -5 1 -8 -1z"}]
19:["$","path","#8aa58a327",{"fill":"#8aa58a","d":"M191 258 c-9 -1 -9 -2 -9 -23 0 -18 0 -19 2 -21 2 -1 3 -2 4 -1 3 2 5 1 8 -2 2 -3 3 -4 5 -3 2 0 4 -1 6 -4 l4 -3 2 3 c5 6 8 9 14 11 4 1 8 3 9 4 l2 3 -3 3 c-6 5 -5 7 4 9 5 1 9 5 8 6 0 1 0 1 1 1 7 -3 10 -3 12 -2 2 1 3 1 3 0 2 -1 4 -1 14 2 4 1 8 3 9 5 l3 3 -2 2 c-4 3 -19 7 -28 7 -12 0 -28 -6 -25 -9 0 -1 -3 0 -7 2 -13 5 -27 8 -36 7z"}]
1a:["$","path","#e9d9a8186",{"fill":"#e9d9a8","d":"M268 231 c-1 -2 -2 -3 -1 -3 3 -3 -1 -4 -18 -6 -19 -3 -26 -5 -33 -12 -5 -5 -5 -7 1 -14 l4 -5 20 0 c19 0 20 0 22 2 l2 3 -4 3 c-7 6 -5 9 9 13 11 3 17 7 17 11 0 3 -5 7 -11 9 -6 1 -5 1 -8 -1z"}]
1b:["$","path","#d9b98c341",{"fill":"#d9b98c","d":"M90 202 c-7 -2 -19 -7 -26 -13 -3 -2 -7 -4 -9 -5 -6 -2 -8 -5 -8 -9 0 -8 7 -10 16 -5 14 9 35 14 52 14 11 0 18 3 18 9 0 2 -4 6 -6 6 -1 0 -6 1 -10 2 -10 2 -18 2 -27 1z M300 131 c-13 -3 -24 -9 -36 -20 -4 -3 -9 -6 -10 -7 -7 -4 -7 -3 -7 -28 0 -22 0 -23 2 -26 l2 -2 5 2 c41 19 70 33 72 34 2 2 2 3 2 23 0 22 0 23 -8 24 -2 0 -6 0 -9 0 -4 1 -9 0 -13 0z"}]
1c:["$","path","#f1e3c8246",{"fill":"#f1e3c8","d":"M107 185 c-15 -1 -35 -7 -43 -13 -3 -2 -6 -3 -8 -3 -2 0 -3 -1 -5 -3 l-2 -2 2 -3 c1 -1 2 -5 2 -7 2 -12 15 -26 25 -27 2 0 4 -1 5 -2 2 -2 2 -2 8 4 8 7 15 12 26 16 9 4 25 9 28 9 1 0 3 1 4 2 l2 3 -3 5 c-2 6 -17 20 -20 20 -1 0 -4 0 -7 1 -5 1 -7 1 -14 0z"}]
1d:["$","path","#a8cbe6571",{"fill":"#a8cbe6","d":"M147 156 c-30 -8 -41 -13 -53 -24 -12 -12 -15 -19 -17 -40 -1 -8 -2 -14 -4 -22 l-3 -10 3 -3 c2 -2 4 -3 7 -3 3 0 7 -1 11 -3 7 -4 13 -4 17 0 2 1 3 3 3 4 0 2 1 1 3 -1 1 -1 3 -2 4 -2 0 0 3 -1 6 -2 3 -2 8 -2 16 -3 10 -1 11 -1 18 -4 7 -4 9 -4 17 -5 8 -1 11 -1 16 -4 11 -5 20 -6 25 0 3 3 4 6 6 18 2 13 5 22 8 25 l3 2 0 13 c0 9 0 14 1 15 1 1 1 1 0 3 -3 6 0 12 6 12 6 0 9 -5 6 -11 -1 -2 -1 -3 1 -5 l3 -2 9 8 c11 9 24 16 34 18 4 1 8 2 9 3 l2 2 -2 3 c-4 3 -20 5 -25 2 -1 -1 -2 0 -4 1 -4 4 -22 7 -40 8 -13 0 -14 0 -17 2 -2 2 -2 2 -10 1 -5 0 -8 0 -8 1 2 2 -4 5 -13 6 -16 2 -23 1 -38 -3z"}]
25:T34c8,M906 463 c-2 -5 -2 -5 -7 -5 -6 -1 -6 -3 -2 -6 3 -3 3 -3 2 -8 0 -6 1 -7 6 -3 3 2 3 2 7 -1 5 -3 6 -2 5 4 0 4 0 5 3 8 5 4 4 5 -2 6 -5 0 -5 0 -6 4 -2 6 -4 6 -6 1z m10 -8 l5 0 -4 -3 c-3 -2 -3 -3 -3 -6 1 -4 1 -5 -3 -2 -2 2 -3 2 -6 0 l-3 -2 0 3 c1 4 1 5 -1 7 l-3 3 4 0 c3 1 4 1 5 5 l1 4 2 -5 c2 -4 2 -4 6 -4z M907 454 c0 -2 1 -5 2 -5 1 0 1 3 0 5 -1 1 -1 1 -2 0z M821 452 c-1 -2 -2 -3 -4 -3 -3 -1 -4 -3 -1 -5 1 -2 2 -3 1 -5 0 -3 0 -3 2 -3 3 1 5 1 8 0 2 0 2 0 2 3 0 2 1 4 2 6 l2 2 -2 1 c-2 1 -4 1 -4 1 -1 0 -1 1 -2 3 0 3 -3 3 -4 0z m6 -6 c2 0 2 0 1 -1 -2 -1 -2 -2 -2 -4 1 -2 0 -3 -2 -1 -1 1 -1 1 -2 0 -2 -2 -3 -1 -2 1 0 1 0 3 -1 3 -1 2 -1 2 1 2 1 1 2 2 3 3 0 1 0 1 1 -1 1 -1 2 -2 3 -2z M880 437 c-9 -4 -9 -6 0 -2 6 3 10 6 9 6 0 1 -4 -1 -9 -4z M855 428 c-5 -1 -9 -2 -9 -3 0 -1 1 -1 11 2 4 1 7 3 7 3 0 1 0 1 0 1 0 0 -4 -1 -9 -3z M761 425 c-9 -1 -16 -4 -19 -7 -6 -5 -3 -8 9 -12 16 -5 18 -11 7 -17 -3 -2 -4 -2 -3 -3 2 0 8 3 11 6 4 6 0 11 -14 15 -11 4 -13 6 -9 10 5 4 18 7 30 7 4 0 7 0 7 1 0 1 -11 1 -19 0z M791 424 c0 -2 29 -4 37 -2 7 1 4 2 -8 2 -7 0 -16 0 -21 0 -5 1 -8 1 -8 0z M666 405 c-2 -3 -3 -4 -5 -4 -5 0 -6 -2 -2 -5 2 -3 3 -4 2 -7 -1 -4 1 -5 5 -2 3 1 3 1 5 0 4 -3 5 -2 5 2 0 4 0 5 2 7 4 3 3 5 -2 5 -2 0 -3 1 -4 4 -1 2 -3 4 -3 4 -1 0 -2 -2 -3 -4z m8 -7 l3 0 -2 -2 c-2 -2 -3 -3 -2 -4 2 -3 1 -4 -2 -3 -2 2 -3 2 -5 0 -3 -1 -3 -1 -2 3 1 1 0 2 -2 4 l-2 3 3 0 c3 0 3 1 4 3 l1 3 2 -3 c1 -2 2 -3 4 -4z M793 401 c-2 -5 -2 -5 -6 -5 -5 0 -6 -3 -1 -6 2 -1 2 -2 1 -6 0 -6 0 -6 5 -3 4 1 4 1 7 -1 5 -3 5 -3 5 3 -1 5 0 5 2 7 4 4 4 6 -1 6 -4 0 -4 0 -6 5 -1 2 -3 4 -3 4 -1 0 -2 -2 -3 -4z m5 -4 c0 -3 1 -3 4 -3 4 0 4 -1 1 -3 -2 -2 -3 -2 -2 -5 1 -5 1 -5 -3 -2 -2 1 -2 1 -8 -2 -1 0 0 1 0 3 1 4 1 4 -2 6 l-2 3 3 0 c3 0 4 0 5 3 1 2 2 3 2 3 0 0 1 -1 2 -3z M458 382 c-18 -9 -15 -36 5 -41 7 -2 15 1 20 7 5 5 4 7 -2 5 -10 -4 -22 7 -19 18 1 4 8 11 11 11 1 0 1 2 -1 2 -3 2 -9 1 -14 -2z m7 -2 c-12 -12 -4 -30 12 -30 l4 0 -2 -2 c-10 -12 -31 -2 -31 15 0 7 7 17 14 19 1 0 3 0 4 0 1 1 1 0 -1 -2z M733 381 c-9 -2 -10 -3 -9 -4 1 0 19 4 20 5 0 1 -2 1 -11 -1z M702 375 c-4 -1 -6 -2 -5 -3 1 0 16 3 17 3 1 1 -7 1 -12 0z M672 370 c-13 -3 -14 -4 -14 -5 0 0 3 0 8 1 4 1 10 2 13 3 3 1 6 2 6 2 0 1 1 1 -13 -1z M567 363 c-1 -2 -3 -3 -4 -3 -1 0 -2 -1 -3 -1 -2 -1 -2 -2 0 -4 2 -2 3 -3 2 -6 0 -3 1 -4 5 -2 1 2 2 2 3 0 4 -2 5 -1 5 2 -1 3 0 4 2 6 l2 3 -2 1 c-2 1 -4 1 -4 1 -1 0 -2 1 -2 3 -1 2 -2 3 -2 3 -1 0 -2 -1 -2 -3z m6 -6 c2 0 2 0 1 -1 -1 -1 -2 -3 -2 -4 0 -1 -1 -2 -3 -2 -3 0 -4 1 -4 3 0 1 0 2 -1 3 -1 1 -1 1 1 1 1 1 2 2 3 3 0 2 0 2 2 0 1 -2 2 -3 3 -3z M644 361 c-9 -4 -11 -10 -7 -14 2 -2 6 -4 21 -9 15 -6 14 -14 -1 -23 -9 -4 -7 -6 1 -1 8 4 13 9 13 14 0 6 -6 9 -22 15 -15 5 -16 12 -3 17 4 1 6 3 6 3 0 2 -2 1 -8 -2z M143 347 l-2 -1 -1 -64 0 -64 -2 1 c-7 5 -16 -3 -13 -10 2 -3 -1 -9 -3 -9 -25 7 -40 5 -58 -6 -15 -9 -14 -9 -16 -6 -2 2 -2 3 0 4 3 5 0 12 -5 14 -8 3 -16 -7 -12 -14 2 -2 2 -2 1 -4 -3 -2 -2 -126 1 -128 2 -2 8 -2 12 -1 l4 2 0 9 c0 9 -1 9 13 6 12 -3 12 -3 10 -8 -4 -9 -2 -13 8 -14 3 -1 8 -2 11 -4 9 -4 17 -3 20 2 1 2 2 1 15 -4 3 -1 8 -1 14 -1 9 -1 10 -1 17 -4 8 -5 9 -5 19 -6 6 0 9 -1 15 -4 17 -8 27 -4 30 10 1 3 1 3 5 3 5 -1 5 -1 5 -13 l0 -10 3 -2 c5 -1 7 -1 11 1 l4 1 0 12 c0 7 0 11 1 12 3 2 71 32 72 32 0 -1 0 -4 0 -8 0 -4 1 -7 1 -8 4 -3 14 -2 16 2 2 3 1 71 0 73 -2 1 -2 2 0 4 4 9 -8 16 -14 9 -3 -3 -4 -6 -2 -9 1 -2 1 -3 0 -4 0 -1 -1 -2 -1 -3 0 -3 -5 -3 -10 0 -8 4 -15 6 -26 7 -6 0 -16 2 -22 3 -6 2 -17 3 -23 4 -7 1 -15 2 -19 3 -3 0 -8 1 -11 1 -3 0 -6 1 -9 2 -10 5 -33 7 -43 5 -3 -1 -6 -2 -7 -2 0 0 -1 2 -2 5 -1 2 -3 6 -5 8 -4 5 -4 8 0 7 2 0 7 1 14 4 l11 4 0 -3 c0 -1 0 -3 1 -3 1 -1 167 -2 170 -1 1 1 2 2 2 4 l0 3 12 -4 c8 -3 12 -4 15 -3 l3 0 0 39 0 39 3 1 c1 0 8 0 16 0 21 0 37 -4 72 -21 10 -4 19 -8 20 -8 0 0 3 -1 6 -2 12 -6 20 -6 41 -4 27 3 44 2 67 -5 4 -2 5 -2 5 -1 -1 4 -31 10 -47 10 l-11 0 0 3 c0 2 -1 3 -3 3 -1 0 -3 1 -4 3 -1 2 -2 2 -4 2 -4 -1 -7 1 -7 3 0 2 -4 4 -6 4 -2 0 -4 -1 -5 -3 -1 -2 -3 -3 -4 -3 -2 -1 -3 -2 -4 -4 0 -1 -1 -3 -2 -4 -2 0 -3 -2 -3 -3 0 -2 -1 -3 -1 -3 -5 0 -39 14 -39 16 0 5 25 14 37 14 4 0 17 4 22 7 6 4 8 10 5 15 -2 2 -9 6 -10 4 0 0 0 0 1 -1 3 -1 8 -6 8 -8 0 -7 -12 -13 -31 -16 -16 -2 -25 -5 -32 -12 l-3 -2 -10 4 c-10 5 -25 10 -31 11 -3 1 -3 1 -2 3 2 3 8 6 14 10 l5 2 -4 -1 c-5 0 -5 0 -24 0 -12 1 -17 1 -16 0 1 -1 8 -1 18 -1 l17 0 -3 -2 c-2 -2 -5 -4 -7 -6 l-3 -3 -9 1 c-5 1 -13 1 -20 1 l-12 -1 0 43 c0 24 0 43 -1 44 -1 2 -8 1 -18 -4 -11 -6 -12 -6 -12 -3 0 2 -1 2 -64 2 -83 0 -107 -1 -107 -3 -1 -1 -2 -1 -12 4 -11 5 -12 5 -16 4z m228 -84 c0 -81 0 -82 -2 -82 -2 0 -2 1 -2 24 0 15 0 24 -1 24 -1 0 -1 -9 -1 -24 0 -19 0 -24 -1 -24 -1 0 -9 3 -17 6 l-16 6 0 68 0 68 16 8 c9 4 17 8 17 8 1 0 1 -10 1 -21 0 -12 1 -24 1 -26 0 -3 1 5 1 22 0 24 0 26 2 26 1 -1 2 -5 2 -83z m-224 14 c0 -39 1 -67 1 -65 0 2 1 32 1 68 0 35 0 64 0 65 0 0 8 -4 17 -8 l16 -8 0 -68 0 -69 -4 -1 c-3 -1 -10 -3 -16 -6 -7 -2 -12 -4 -13 -4 0 1 0 7 0 14 0 7 -1 13 -1 13 -1 0 -1 -6 -1 -14 0 -13 0 -14 -2 -13 -2 0 -2 1 -2 82 0 81 0 82 2 82 2 0 2 -1 2 -68z m193 61 c0 -1 -1 -3 -6 -4 l-5 -3 -73 0 c-72 0 -73 0 -78 2 -3 2 -5 3 -5 4 0 2 2 2 47 2 25 0 63 1 83 1 37 0 37 0 37 -2z m-11 -32 c-1 -13 -1 -29 -1 -37 l0 -13 -7 0 c-12 -1 -14 -3 -2 -3 l9 1 0 -21 c0 -11 0 -21 -1 -21 0 0 -1 1 -2 2 -2 3 -6 2 -8 -2 0 -1 -1 -2 -1 -2 -3 1 -6 -1 -6 -3 0 -2 -1 -2 -3 -2 -3 0 -4 0 -5 -2 0 -2 -1 -3 -2 -3 -3 0 -6 -3 -6 -5 0 -2 -1 -2 -11 -2 l-12 0 -7 5 c-10 7 -9 9 8 15 13 4 17 7 14 13 -2 3 -10 6 -22 8 -5 1 -4 2 7 5 8 2 28 10 30 11 0 1 -1 1 -4 1 -3 -1 -6 0 -15 3 -18 6 -29 5 -45 -1 l-7 -2 -10 3 c-12 4 -23 5 -30 4 -3 0 -5 0 -5 0 -1 1 -1 70 0 70 0 1 33 1 72 1 l72 0 0 -23z m-118 -52 c4 -1 14 -4 23 -8 8 -3 16 -6 18 -7 1 0 0 -1 -4 -1 -18 -2 -24 -8 -14 -15 l5 -3 -9 -2 c-11 -4 -17 -9 -17 -14 l0 -4 -2 2 c-1 2 -3 4 -4 5 -2 3 -3 3 -6 3 -2 -1 -3 0 -4 1 -1 5 -7 7 -10 3 -1 -1 -2 -2 -2 -2 -1 0 -1 10 -1 21 0 22 0 22 2 22 8 2 15 2 25 -1z m70 -2 c5 -2 10 -4 9 -4 -2 -2 -20 -7 -26 -8 -7 0 -18 2 -27 7 -5 3 -5 3 6 7 11 3 24 3 38 -2z m243 -10 c0 -1 1 -2 1 -4 0 -1 1 -2 2 -2 1 0 2 0 2 -1 0 -3 0 -3 2 -1 3 3 5 2 6 -1 0 -1 1 -2 2 -2 3 1 5 -2 3 -3 -2 -2 -18 -4 -28 -4 -7 0 -9 1 -9 4 0 2 1 2 4 2 2 0 2 0 2 2 -1 3 1 5 4 5 1 -1 2 -1 2 0 0 5 4 8 7 5z m-266 -5 c-2 -2 0 -4 8 -5 24 -4 26 -12 4 -18 -18 -4 -19 -10 -7 -18 l4 -3 -23 0 c-23 0 -24 0 -25 2 0 1 -1 3 -3 4 -3 2 -3 6 1 10 6 6 14 8 34 11 22 3 25 7 9 11 -7 1 -9 2 -7 4 1 1 2 2 3 2 2 1 3 1 3 1 0 0 0 -1 -1 -1z m-7 -1 c-1 -4 1 -5 12 -8 8 -2 4 -4 -11 -6 -9 -1 -9 -1 -15 2 -9 4 -8 8 3 11 8 2 11 2 11 1z m-114 -20 c4 -3 1 -9 -4 -9 -5 0 -8 5 -4 9 2 2 6 3 8 0z m58 -4 c1 -1 1 -3 1 -4 0 -3 0 -3 2 -2 3 2 5 2 7 1 1 -2 1 -2 -1 -3 -3 -2 -2 -4 1 -2 3 1 5 -1 4 -4 0 -1 0 -1 1 -1 3 1 7 -1 7 -2 0 -2 -2 -2 -17 -2 l-16 0 0 8 c0 7 1 8 2 8 1 0 2 1 2 1 0 4 5 5 7 2z m130 -1 c0 -1 1 -1 2 -1 0 0 1 0 1 -1 0 0 0 -4 0 -8 l1 -7 -17 -1 c-9 0 -16 0 -16 1 0 2 3 4 6 4 3 -1 3 -1 2 1 0 4 2 6 5 4 2 -3 3 -2 3 1 -1 3 1 5 4 4 3 -1 3 -1 3 1 0 5 4 6 6 2z m-186 -7 c1 -2 1 -26 -1 -26 -3 0 -5 5 -5 15 0 5 0 9 0 9 -1 0 -1 -1 -1 -1 0 -2 -4 -1 -5 0 -1 3 9 5 12 3z m-95 -1 c6 -5 0 -15 -7 -12 -3 1 -4 3 -4 6 0 6 6 9 11 6z m38 -4 c-4 -2 -10 -5 -15 -8 -8 -5 -17 -10 -18 -9 0 1 1 2 3 2 2 1 7 4 10 6 9 6 20 11 25 11 1 0 -1 -1 -5 -2z m35 0 c5 -1 10 -2 11 -2 2 0 3 -1 3 -5 0 -5 0 -5 -18 -6 -22 -1 -39 -7 -52 -15 -1 -1 -4 -2 -5 -2 -1 0 -4 0 -5 0 -2 -1 -2 -1 -2 5 0 6 0 6 4 7 2 1 6 3 11 6 19 13 34 16 53 12z m184 -10 c-21 0 -32 0 -31 -1 0 -1 12 -1 34 -1 18 0 34 0 35 0 0 0 1 -1 1 -3 l0 -3 -84 0 -83 1 0 2 0 3 32 0 c19 0 30 1 28 1 -2 1 -15 1 -28 1 -14 0 -25 0 -25 0 0 1 35 1 77 1 42 0 62 -1 44 -1z m-255 -1 c1 -1 1 -11 1 -29 0 -27 0 -29 -2 -33 -2 -4 -2 -5 -2 -13 1 -8 1 -9 -1 -10 -2 0 -2 -1 -1 -11 0 -11 0 -12 4 -12 1 0 2 -1 2 -9 l0 -8 -4 -2 c-2 -1 -4 -1 -7 0 l-3 1 0 62 c0 41 0 63 1 64 1 1 10 1 12 0z m85 -6 c0 -1 3 -4 7 -7 10 -10 13 -19 7 -19 -3 0 -20 -5 -28 -9 -11 -4 -18 -9 -26 -16 -6 -6 -9 -7 -9 -4 0 1 -1 2 -3 2 -10 0 -24 16 -24 27 0 1 -1 3 -2 5 -3 4 -2 6 3 6 2 0 5 1 8 3 16 11 49 16 64 11 1 0 1 0 -1 2 l-2 2 2 0 c2 0 4 -1 4 -3z m-78 -27 c0 -4 2 -9 5 -14 4 -6 4 -6 -1 -7 -3 -1 -5 -2 -6 -3 -2 0 -2 1 -2 15 0 15 0 15 2 14 1 -1 2 -3 2 -5z m139 1 c2 0 6 -1 8 -2 l3 -1 -5 -1 c-8 -2 -17 -5 -26 -11 -6 -3 -12 -6 -15 -7 -16 -4 -28 -10 -31 -15 -3 -4 -2 -4 3 0 6 5 13 8 25 13 6 2 15 5 20 8 14 8 23 10 34 10 6 0 12 0 13 -1 2 -1 2 -1 -4 -3 -3 0 -6 -1 -6 -2 1 0 4 1 7 2 11 2 39 0 58 -6 3 -1 3 -1 -7 -4 -4 0 -7 -1 -7 -2 1 0 4 1 9 2 15 4 14 4 23 3 4 -1 10 -3 12 -4 l5 -2 -8 0 c-15 0 -29 -6 -44 -19 -8 -7 -10 -8 -11 -7 -1 1 -1 2 0 4 3 6 -1 13 -8 13 -7 0 -12 -8 -8 -14 1 -2 1 -2 0 -3 -1 -1 -1 -6 -1 -19 l0 -17 -3 0 c-1 0 -2 0 -2 1 2 5 2 6 1 6 -2 -1 -5 -14 -7 -24 -2 -14 -3 -17 -5 -19 -5 -5 -14 -4 -24 1 -5 3 -8 3 -16 4 -8 1 -10 1 -17 5 -7 3 -8 3 -18 4 -8 1 -13 1 -16 3 -3 1 -6 2 -8 3 -4 0 -4 0 -3 3 0 1 1 6 2 11 1 9 1 15 0 15 -1 0 -1 -1 -1 -3 0 -5 -5 -27 -7 -29 -2 -3 -9 -3 -16 1 -4 2 -8 3 -11 3 -2 0 -5 1 -6 2 l-2 2 3 10 c2 8 3 14 4 22 1 14 2 19 6 26 8 15 25 26 50 33 4 1 12 3 17 4 9 3 27 3 40 1z m141 -5 c5 -2 5 -8 0 -11 -2 -1 -3 -1 -5 0 -4 3 -4 9 0 11 3 1 2 1 5 0z m3 -14 c1 -1 1 -11 1 -36 l0 -35 -3 -1 c-7 -3 -8 -1 -9 8 0 8 0 8 2 9 l3 1 0 24 0 24 -2 1 c-3 1 -4 5 -2 5 2 1 9 0 10 0z m-268 -7 c2 -1 5 -2 7 -3 2 0 4 -1 5 -2 1 -1 2 -2 3 -2 2 0 2 0 -1 -6 -2 -3 -3 -9 -4 -12 -1 -4 -1 -8 -2 -8 0 -1 -28 6 -29 8 -3 4 -2 17 1 21 1 2 12 7 15 7 1 0 3 -1 5 -3z m229 -1 c-10 -2 -24 -9 -31 -16 -8 -7 -16 -12 -17 -10 0 0 0 0 1 1 1 0 4 3 7 5 16 14 32 22 43 22 2 0 1 -1 -3 -2z m26 0 l5 0 0 -22 0 -22 -33 -15 c-19 -8 -36 -16 -40 -18 l-6 -3 0 25 1 25 3 2 c2 2 7 5 11 9 16 13 35 21 49 19 3 0 8 0 10 0z m-78 -9 c2 -3 2 -4 1 -7 -3 -6 -13 -4 -13 2 0 3 4 7 7 7 1 0 3 -1 5 -2z m0 -14 l2 0 0 -41 0 -40 -3 -2 c-4 -1 -4 -1 -7 0 l-4 2 0 40 c0 37 0 40 2 41 2 1 6 1 10 0z m-184 -8 c8 -2 15 -4 15 -4 1 -1 -1 -15 -2 -17 0 -1 -4 -1 -15 2 l-15 4 -1 9 c0 9 0 10 2 10 1 -1 8 -2 16 -4z m170 -41 c0 -5 0 -10 -1 -10 0 0 -2 0 -4 1 -4 1 -4 1 -2 13 2 6 3 8 5 7 2 0 2 -1 2 -11z M347 329 c-7 -3 -12 -5 -12 -5 0 0 0 -13 0 -29 l0 -29 6 0 c4 0 9 0 13 1 l6 0 0 34 c0 26 0 33 -1 33 -1 0 -6 -2 -12 -5z m10 -30 c0 -16 0 -30 0 -30 0 0 -4 0 -8 0 l-7 -1 0 27 0 28 7 3 c4 1 8 3 8 2 0 0 0 -13 0 -29z m-18 -4 c0 -16 0 -27 -1 -27 -1 0 -1 7 -1 16 -1 23 0 38 1 38 1 0 1 -10 1 -27z M366 288 c-1 -1 -1 -53 0 -53 1 -1 1 8 1 26 0 16 0 28 0 28 -1 0 -1 0 -1 -1z M335 247 c0 -8 0 -14 1 -13 0 0 1 7 1 13 -1 10 0 13 1 13 1 0 1 -7 1 -29 0 -19 0 -30 -1 -30 -1 0 -1 1 -1 19 -1 18 -2 14 -2 -5 l0 -17 11 -3 c7 -2 12 -4 13 -4 1 0 1 8 1 36 l0 35 -12 0 -13 0 0 -15z m22 10 c0 -7 0 -23 0 -24 0 0 -4 1 -8 2 l-6 2 -1 11 0 12 7 0 8 0 0 -3z m-6 -24 c7 -2 7 0 6 -21 0 -18 1 -17 -10 -13 l-5 2 0 17 c0 15 0 17 1 17 1 -1 5 -1 8 -2z m3 -38 c2 -1 3 -2 2 -1 -2 0 -4 1 -6 1 -2 1 -3 1 -3 2 0 1 3 0 7 -2z M154 326 c-1 -6 -1 -20 0 -47 l0 -12 5 0 c3 -1 9 -1 12 -1 l7 -1 0 18 0 18 -1 -17 c0 -13 0 -17 -1 -17 -2 1 -2 54 0 55 1 0 1 -3 1 -10 l1 -10 0 10 0 11 -9 5 c-15 6 -15 6 -15 -2z m18 -31 l0 -27 -6 0 c-11 0 -10 -3 -10 31 l0 30 8 -4 8 -3 0 -27z M154 249 c0 -8 0 -23 0 -35 0 -12 0 -22 0 -23 1 0 6 2 12 4 l12 3 0 17 0 17 -1 -16 c0 -10 -1 -15 -1 -15 -1 0 -1 11 -1 29 0 19 0 29 1 29 0 0 1 -5 1 -12 l1 -13 0 14 0 14 -12 0 -12 0 0 -13z m18 -19 l0 -29 -7 -2 c-3 -1 -7 -2 -8 -3 -1 0 -1 7 -1 32 l0 32 8 0 8 0 0 -30z m-7 -34 c-5 -2 -9 -3 -9 -3 0 1 14 6 16 6 1 0 -2 -1 -7 -3z M276 289 c-2 -2 -3 -3 -4 -3 -4 0 -5 -2 -2 -4 2 -2 2 -3 2 -5 -1 -3 -1 -3 2 -3 3 1 4 1 7 0 3 0 3 0 3 2 -1 3 -1 4 1 6 3 2 2 4 -2 4 -1 0 -2 1 -3 3 -1 2 -2 3 -2 3 -1 0 -2 -1 -2 -3z m5 -5 c2 0 3 -2 0 -2 -1 -1 -1 -2 -1 -3 1 -1 0 -2 -3 -2 -2 0 -3 1 -3 2 1 1 0 2 -1 3 -1 2 -1 2 1 2 1 0 2 1 3 2 l0 3 1 -3 c1 -1 2 -2 3 -2z M306 267 c-7 -2 -10 -3 -7 -3 4 0 14 2 14 3 0 1 0 1 0 1 0 0 -4 -1 -7 -1z M39 171 c0 -9 1 -13 1 -8 0 4 0 12 0 16 0 4 -1 0 -1 -8z M39 120 c0 -10 0 -16 1 -15 1 0 1 16 0 26 -1 4 -1 2 -1 -11z M39 67 c0 -3 0 -5 1 -5 0 0 0 2 0 4 0 6 -1 7 -1 1z M66 153 c5 -5 13 -15 13 -17 0 0 0 -1 1 -1 3 0 -9 16 -16 21 -3 2 -2 1 2 -3z M170 128 c-7 -2 -14 -5 -13 -6 0 0 3 1 7 2 3 2 9 4 13 4 3 1 5 2 4 2 -2 0 -7 -1 -11 -2z M120 110 c-4 -6 -6 -20 -4 -19 0 1 1 4 2 7 1 3 2 7 3 10 2 5 2 5 1 5 -1 0 -2 -1 -2 -3z M190 103 c2 -1 16 -3 18 -3 1 1 -6 2 -16 3 -3 1 -4 1 -2 0z M132 86 c-1 -2 -1 -6 -1 -8 l0 -5 1 5 c2 11 2 12 1 12 0 0 -1 -2 -1 -4z M199 78 c-1 -2 -2 -5 -2 -7 -1 -3 -2 -6 -3 -8 -2 -4 -2 -4 -1 -3 2 1 3 5 6 15 2 6 2 8 0 3z M53 124 c1 -1 10 -3 11 -3 0 1 -2 1 -4 2 -2 1 -5 1 -6 2 -1 0 -1 0 -1 -1z M240 89 c0 -8 1 -11 1 -7 0 4 0 10 0 14 0 4 -1 1 -1 -7z M240 33 c0 -6 1 -8 1 -5 0 3 0 7 0 10 0 2 -1 0 -1 -5z M607 340 c-1 -4 -2 -4 -5 -4 -4 0 -5 -2 -2 -5 3 -2 3 -3 2 -6 0 -5 1 -6 5 -3 2 1 3 1 6 0 4 -3 5 -2 4 3 0 3 0 4 2 6 4 3 4 4 -1 5 -3 0 -4 1 -5 4 -2 5 -4 5 -6 0z m4 -3 c1 -2 2 -3 3 -3 4 0 4 -2 2 -3 -2 -2 -2 -2 -1 -5 l0 -3 -2 2 c-3 1 -3 1 -6 0 l-2 -2 0 3 c1 3 1 4 -1 5 -3 2 -2 3 1 3 2 0 3 1 4 3 0 1 1 2 1 2 0 0 1 -1 1 -2z M420 307 c-1 -4 -2 -4 -5 -4 -4 0 -5 -2 -1 -5 2 -2 2 -4 2 -6 -1 -5 0 -5 4 -3 3 2 3 2 6 0 4 -2 5 -2 4 3 0 3 0 4 2 6 4 3 3 5 -1 5 -3 0 -4 1 -5 4 -2 5 -4 5 -6 0z m5 -3 c0 -2 1 -3 3 -3 3 0 4 -1 1 -3 -2 -1 -2 -2 -1 -4 0 -3 0 -4 -3 -2 -2 1 -2 1 -4 0 -3 -2 -3 -1 -3 2 1 2 1 3 -1 5 l-2 2 3 0 c2 0 3 0 4 3 0 1 1 2 1 2 1 0 1 -1 2 -2z M639 310 c-6 -1 -7 -4 -1 -3 2 1 6 2 7 2 3 2 3 2 1 2 -1 0 -5 -1 -7 -1z M609 305 c-4 0 -14 -1 -21 -1 -9 0 -14 0 -13 -1 1 -2 45 0 47 2 2 1 -3 1 -13 0z M521 304 c-10 -1 -19 -4 -23 -7 -4 -2 -4 -3 -4 -6 1 -3 0 -3 -4 -5 -4 -2 -5 -3 -4 -3 1 0 4 1 6 2 l5 2 4 -2 c3 -1 6 -2 7 -2 1 0 3 0 4 -1 2 -1 3 -1 3 0 1 1 0 1 -3 2 -9 2 -14 4 -15 6 -4 5 8 10 29 12 4 1 7 2 6 2 0 1 -2 1 -11 0z M541 304 c0 -1 4 -1 11 -1 6 0 10 0 10 1 -1 1 -6 1 -11 1 -6 0 -10 0 -10 -1z M472 282 c-5 -1 -5 -2 -1 -2 5 1 8 3 4 3 -1 0 -2 0 -3 -1z M448 277 c-7 -2 -9 -3 -8 -4 1 0 18 4 19 5 2 1 -3 1 -11 -1z M506 248 c-3 -2 -4 -5 -1 -5 1 0 6 5 6 6 0 1 -1 1 -5 -1z1e:["$","path",null,{"transform":"translate(0 483) scale(1 -1)","fill":"#2a2a2e","d":"$25"}]
1f:["$","p",null,{"className":"gallery-module__3h_Zma__label","children":[["$","span",null,{"children":"思想漫游"}],["$","time",null,{"dateTime":"2026-09-04","children":"2026年9月04日"}],false]}]
20:["$","h1",null,{"children":"我为什么想活下去"}]
21:["$","p",null,{"className":"gallery-module__3h_Zma__standfirst","children":"小时候我问爷爷人死了以后怎么办，他让我别说不吉利的话，快睡。现在我更相信自己能活很久了。前阵子和 AI 聊起这件事，它一路追着问，这里是那些问题和我的回答。"}]
22:["$","$L26",null,{"seed":"article:why-i-want-to-keep-living","delay":0.2}]
23:["$","div",null,{"className":"prose-module__31PT3q__prose ","children":"$L27"}]
24:["$","$L14",null,{"as":"section","className":"gallery-module__3h_Zma__next","children":[["$","$L26",null,{"seed":"next:why-i-want-to-keep-living"}],["$","p",null,{"className":"gallery-module__3h_Zma__label","children":["$","span",null,{"children":"接着读"}]}],[["$","$L28","how-intelligence-accumulates-itself",{"href":"/zh/blog/how-intelligence-accumulates-itself/","className":"gallery-module__3h_Zma__nextLink","children":["智能如何积累自己"," →"]}],["$","$L28","interface-no-longer-fixed",{"href":"/zh/blog/interface-no-longer-fixed/","className":"gallery-module__3h_Zma__nextLink","children":["当界面不再固定"," →"]}]]]}]
29:I[23562,["/_next/static/chunks/01xlw8hd842-c.js","/_next/static/chunks/0d3shmwh5_nmn.js","/_next/static/chunks/0hgnuhfhd71n8.js","/_next/static/chunks/0pu6xgl0t.okr.js"],"InkBreak"]
2a:I[23562,["/_next/static/chunks/01xlw8hd842-c.js","/_next/static/chunks/0d3shmwh5_nmn.js","/_next/static/chunks/0hgnuhfhd71n8.js","/_next/static/chunks/0pu6xgl0t.okr.js"],"InkHeading"]
27:[["$","p",null,{"children":"我很小的时候就怕死。大概八九岁，还没上三年级，有一次和爷爷一起睡，我问他人死了以后怎么办。他好像很忌讳这个，说：「诶，不要说不吉利的话。」然后让我快睡。"}],"\n",["$","p",null,{"children":"那时候躺在被窝里，会突然想到有一天我就没了，世界还在，我再也不知道后面发生了什么，越想越怕。但小孩子也没什么办法，只能把它放下，接着睡觉。"}],"\n",["$","p",null,{"children":"后来我还认真想过偷偷研究长寿，找个办法让自己活很久，又不伤害别人。"}],"\n",["$","p",null,{"children":"长大以后这个念头就很少出来了。每天有课、有考试、有项目，活着好像就是默认的，明天会醒，明年也还在，不太会去想。"}],"\n",["$","$L29",null,{}],"\n",["$","p",null,{"children":"现在我比以前更相信自己能活很久了，主要是因为 AI。我觉得有了 AI，研究会越来越快，我很大程度上相信，在我这辈子，人的寿命会有不小的延长。这么想的话，如果真能活那么久，我现在大概还在人生的孩童期。"}],"\n",["$","p",null,{"children":"所以小时候那种怕，现在少了很多。"}],"\n",["$","p",null,{"children":"前阵子我和 AI 聊未来，聊着聊着就聊到了活很久这件事。它很会找茬，每一轮都能挑出一个新问题，就越聊越远。下面是它问我的几个问题，和我当时的回答。"}],"\n",["$","$L2a",null,{"id":"section-1","children":"「活那么久，不会无聊吗？」"}],"\n",["$","p",null,{"children":"我不太信会无聊。活得久不等于把今天重复一亿遍，世界会变，技术会变，我自己也会变，会遇到新的问题、新的人，还有现在没法描述的东西。真活到那时候，无聊了再说，先活下来。"}],"\n",["$","$L2a",null,{"id":"section-2","children":"「一亿年以后，那还是你吗？」"}],"\n",["$","p",null,{"children":"到那时候大概会忘掉现在的大部分事，身体可能换过好几次，性格和想法也会变。它问我到底想延续什么，记忆、身体还是性格。"}],"\n",["$","p",null,{"children":"我想了想，答案挺简单的：我想活着。我现在在这里，能看，能感受，能想事情，我不想这个过程停下来。一亿年以后那个人算不算我，现在不用决定。"}],"\n",["$","p",null,{"children":"活着的话，什么都还能变，我可以做错、后悔、重新选，以后把现在的自己全否了也行。死了就什么都没有了，也没有改主意的机会。"}],"\n",["$","$L2a",null,{"id":"section-3","children":"「总得有个理由吧？」"}],"\n",["$","p",null,{"children":"以前我也觉得，想活很久得有个大理由，比如还有没做完的事，或者想看人类飞出太阳系。这些我当然也想看。但就算没有，我也想活，想知道明天会发生什么，这就够了。"}],"\n",["$","p",null,{"children":"我和我妈都觉得，好死不如赖活着。"}],"\n",["$","$L2a",null,{"id":"section-4","children":"「可是有人说，死亡赋予生命意义。」"}],"\n",["$","p",null,{"children":"这句话我能理解，时间有限，人会更珍惜一些时刻。但我不觉得能从这里推出死是好事。这句话像是站在一辈子外面看，觉得有开头有结尾挺好看。可我是活在里面的，对我来说，死就是我没了。"}],"\n",["$","$L2a",null,{"id":"section-5","children":"「那不想活那么久的人呢？」"}],"\n",["$","p",null,{"children":"那是他们自己的事。有人能坦然面对死，有人觉得活够了就行，我不会替他们决定，也不希望别人替我决定。"}],"\n",["$","p",null,{"children":"我希望的是，想继续活的人，别因为本来能治的病、本来能修的衰老，被迫停下来。"}],"\n",["$","$L29",null,{}],"\n",["$","p",null,{"children":"现在想起小时候那个晚上，人死了以后怎么办，我还是不知道。不过没那么怕了，比起这个，我更想知道以后会发生什么。"}]]
