1:"$Sreact.fragment"
2:I[39756,["/_next/static/chunks/01xlw8hd842-c.js","/_next/static/chunks/0d3shmwh5_nmn.js"],"default"]
3:I[37457,["/_next/static/chunks/01xlw8hd842-c.js","/_next/static/chunks/0d3shmwh5_nmn.js"],"default"]
4:I[22016,["/_next/static/chunks/01xlw8hd842-c.js","/_next/static/chunks/0d3shmwh5_nmn.js","/_next/static/chunks/0ka051yepewro.js"],""]
7:I[97367,["/_next/static/chunks/01xlw8hd842-c.js","/_next/static/chunks/0d3shmwh5_nmn.js"],"OutletBoundary"]
8:"$Sreact.suspense"
b:I[97367,["/_next/static/chunks/01xlw8hd842-c.js","/_next/static/chunks/0d3shmwh5_nmn.js"],"ViewportBoundary"]
d:I[97367,["/_next/static/chunks/01xlw8hd842-c.js","/_next/static/chunks/0d3shmwh5_nmn.js"],"MetadataBoundary"]
f:I[68027,["/_next/static/chunks/01xlw8hd842-c.js","/_next/static/chunks/0d3shmwh5_nmn.js"],"default",1]
:HL["/_next/static/chunks/140voquf.f8~f.css","style"]
:HL["/_next/static/chunks/0bqx3c1pua-l2.css","style"]
:HL["/_next/static/media/fusion_pixel_12px_monospaced_zh_hans_otf-s.p.0x5px7z_ohyny.woff2","font",{"crossOrigin":"","type":"font/woff2"}]
:HL["/_next/static/media/mrs_saint_delafield-s.p.0a3u6sv6kzmt6.woff2","font",{"crossOrigin":"","type":"font/woff2"}]
:HL["/_next/static/chunks/0n3g8u-gvnak7.css","style"]
0:{"P":null,"c":["","zh","blog","when-answers-are-no-longer-scarce",""],"q":"","i":false,"f":[[["",{"children":[["locale","zh","d",null],{"children":["blog",{"children":[["slug","when-answers-are-no-longer-scarce","d",null],{"children":["__PAGE__",{}]}]}]}]},"$undefined","$undefined",16],[["$","$1","c",{"children":[[["$","link","0",{"rel":"stylesheet","href":"/_next/static/chunks/140voquf.f8~f.css","precedence":"next","crossOrigin":"$undefined","nonce":"$undefined"}],["$","script","script-0",{"src":"/_next/static/chunks/01xlw8hd842-c.js","async":true,"nonce":"$undefined"}],["$","script","script-1",{"src":"/_next/static/chunks/0d3shmwh5_nmn.js","async":true,"nonce":"$undefined"}]],["$","html",null,{"lang":"en","children":["$","body",null,{"className":"pixel_dd6c0d1c-module__ttWm1q__variable","children":["$","$L2",null,{"parallelRouterKey":"children","error":"$undefined","errorStyles":"$undefined","errorScripts":"$undefined","template":["$","$L3",null,{}],"templateStyles":"$undefined","templateScripts":"$undefined","notFound":[["$","main",null,{"style":{"minHeight":"100vh","display":"grid","placeItems":"center","padding":"0 24px","background":"#f8f4ea","color":"#2a2a2e","fontFamily":"var(--font-serif)","textAlign":"center"},"children":["$","div",null,{"children":[["$","p",null,{"style":{"margin":0,"fontSize":22,"letterSpacing":"0.08em"},"children":"这一页还没画。"}],["$","p",null,{"style":{"margin":"10px 0 32px","fontSize":15,"opacity":0.6},"children":"This page hasn't been drawn."}],["$","p",null,{"style":{"margin":0,"fontSize":15,"display":"flex","gap":28,"justifyContent":"center"},"children":[["$","$L4",null,{"href":"/zh/","children":"回到首页 →"}],["$","$L4",null,{"href":"/en/","children":"Home →"}]]}]]}]}],[]],"forbidden":"$undefined","unauthorized":"$undefined"}]}]}]]}],{"children":[["$","$1","c",{"children":[[["$","link","0",{"rel":"stylesheet","href":"/_next/static/chunks/0bqx3c1pua-l2.css","precedence":"next","crossOrigin":"$undefined","nonce":"$undefined"}],["$","script","script-0",{"src":"/_next/static/chunks/0hgnuhfhd71n8.js","async":true,"nonce":"$undefined"}]],"$L5"]}],{"children":[["$","$1","c",{"children":[null,["$","$L2",null,{"parallelRouterKey":"children","error":"$undefined","errorStyles":"$undefined","errorScripts":"$undefined","template":["$","$L3",null,{}],"templateStyles":"$undefined","templateScripts":"$undefined","notFound":"$undefined","forbidden":"$undefined","unauthorized":"$undefined"}]]}],{"children":[["$","$1","c",{"children":[null,["$","$L2",null,{"parallelRouterKey":"children","error":"$undefined","errorStyles":"$undefined","errorScripts":"$undefined","template":["$","$L3",null,{}],"templateStyles":"$undefined","templateScripts":"$undefined","notFound":"$undefined","forbidden":"$undefined","unauthorized":"$undefined"}]]}],{"children":[["$","$1","c",{"children":["$L6",[["$","link","0",{"rel":"stylesheet","href":"/_next/static/chunks/0n3g8u-gvnak7.css","precedence":"next","crossOrigin":"$undefined","nonce":"$undefined"}],["$","script","script-0",{"src":"/_next/static/chunks/0pu6xgl0t.okr.js","async":true,"nonce":"$undefined"}]],["$","$L7",null,{"children":["$","$8",null,{"name":"Next.MetadataOutlet","children":"$@9"}]}]]}],{},null,false,null]},null,false,"$@a"]},null,false,"$@a"]},null,false,null]},null,false,null],["$","$1","h",{"children":[null,["$","$Lb",null,{"children":"$Lc"}],["$","div",null,{"hidden":true,"children":["$","$Ld",null,{"children":["$","$8",null,{"name":"Next.Metadata","children":"$Le"}]}]}],["$","meta",null,{"name":"next-size-adjust","content":""}]]}],false]],"m":"$undefined","G":["$f",[["$","link","0",{"rel":"stylesheet","href":"/_next/static/chunks/140voquf.f8~f.css","precedence":"next","crossOrigin":"$undefined","nonce":"$undefined"}]]],"S":true,"h":null,"s":"$undefined","l":"$undefined","p":"$undefined","d":"$undefined","b":"-m11H3U0xb0ycttpV8-SP"}
10:[]
a:"$W10"
11:I[76440,["/_next/static/chunks/01xlw8hd842-c.js","/_next/static/chunks/0d3shmwh5_nmn.js","/_next/static/chunks/0hgnuhfhd71n8.js","/_next/static/chunks/0pu6xgl0t.okr.js"],"EraserProvider"]
5:["$","div",null,{"data-locale":"zh","children":["$","$L11",null,{"children":["$","$L2",null,{"parallelRouterKey":"children","error":"$undefined","errorStyles":"$undefined","errorScripts":"$undefined","template":["$","$L3",null,{}],"templateStyles":"$undefined","templateScripts":"$undefined","notFound":"$undefined","forbidden":"$undefined","unauthorized":"$undefined"}]}]}]
c:[["$","meta","0",{"charSet":"utf-8"}],["$","meta","1",{"name":"viewport","content":"width=device-width, initial-scale=1"}]]
12:I[27201,["/_next/static/chunks/01xlw8hd842-c.js","/_next/static/chunks/0d3shmwh5_nmn.js"],"IconMark"]
9:null
e:[["$","title","0",{"children":"当答案不再稀缺，我们还想要什么？ | Peter Tian"}],["$","meta","1",{"name":"description","content":"如果 Agent 能解决几乎所有说得清楚的问题，难的就会变成想要什么。这是我围绕这件事想到的几个念头，中间有一次和我爸在江边散步时的争论。"}],["$","link","2",{"rel":"icon","href":"/icon.svg?icon.0rf6nkx7rtn93.svg","sizes":"any","type":"image/svg+xml"}],["$","$L12","3",{}]]
13:I[75152,["/_next/static/chunks/01xlw8hd842-c.js","/_next/static/chunks/0d3shmwh5_nmn.js","/_next/static/chunks/0hgnuhfhd71n8.js","/_next/static/chunks/0pu6xgl0t.okr.js"],"PageShell"]
14:I[23562,["/_next/static/chunks/01xlw8hd842-c.js","/_next/static/chunks/0d3shmwh5_nmn.js","/_next/static/chunks/0hgnuhfhd71n8.js","/_next/static/chunks/0pu6xgl0t.okr.js"],"Seen"]
15:T11c1,M221 365 c-2 -3 -2 -4 -2 -8 1 -4 0 -4 -4 -9 -4 -4 -5 -5 -4 -6 1 -1 1 -1 0 -1 -5 4 -24 3 -28 -2 l-3 -2 2 -3 c2 -2 3 -2 12 -2 5 0 12 0 15 -1 6 -1 7 -1 9 2 1 1 3 2 4 2 2 0 10 10 11 14 2 8 1 10 -4 15 l-5 4 -3 -3z M715 363 l-3 -3 3 -3 c3 -3 3 -3 5 -1 4 3 4 5 2 8 -3 3 -3 3 -7 -1z M727 364 c-2 -3 -2 -5 2 -8 2 -2 2 -2 5 0 3 3 3 4 0 7 -4 3 -5 3 -7 1z M337 319 c-3 -2 -3 -3 -2 -5 1 -2 0 -3 -2 -6 -6 -7 -7 -8 -9 -8 0 0 -2 0 -4 -1 -1 0 -4 0 -5 0 -2 0 -4 -1 -5 -2 l-2 -2 2 -2 c2 -2 3 -3 10 -3 8 0 9 0 11 3 1 1 3 2 4 2 1 0 9 7 11 11 2 5 1 10 -1 13 -2 1 -3 2 -3 2 0 -1 -1 -1 -1 0 -1 1 -2 0 -4 -2z M461 315 c-5 -2 -10 -6 -11 -9 -3 -5 14 -16 18 -12 3 2 9 2 11 0 3 -3 11 -1 16 4 5 4 3 10 -6 14 -7 4 -10 4 -13 2 l-2 -2 -2 2 c-3 2 -7 3 -11 1z M610 308 l-3 -4 2 -3 c4 -4 7 -5 9 -3 2 1 2 1 3 0 1 -1 2 -1 3 1 1 1 2 1 3 -1 3 -2 5 -2 9 1 3 3 3 5 -1 8 -4 4 -7 5 -9 2 l-3 -2 -2 2 c-4 3 -6 3 -11 -1z M147 260 c-4 -1 -11 -1 -15 0 -3 1 -8 -2 -6 -5 1 -1 1 -3 1 -4 0 -3 4 -7 8 -8 3 0 3 0 1 -2 -2 -2 1 -8 11 -19 l5 -7 2 2 c3 3 4 9 3 13 -1 1 -2 4 -1 7 0 4 0 4 -2 7 -3 3 -3 3 -1 4 3 3 3 9 0 12 -2 1 -3 2 -6 0z M234 256 c-2 -3 -2 -9 1 -12 3 -3 3 -3 1 -4 -1 -2 -2 -4 -2 -5 0 -2 -1 -5 -1 -6 -2 -4 -1 -12 2 -15 l3 -2 3 4 c2 3 6 8 9 12 5 8 5 8 3 10 -1 1 -1 2 0 2 3 0 8 6 8 10 1 6 -2 8 -7 6 -5 -1 -9 -1 -14 0 -4 2 -4 2 -6 0z M271 235 c-2 -2 -2 -4 -2 -10 0 -6 0 -7 5 -18 3 -6 7 -13 8 -14 l3 -2 2 3 c3 3 3 3 2 5 -1 2 -1 4 0 8 1 4 0 6 -1 10 -1 3 -2 6 -2 9 1 5 -2 8 -9 10 -4 1 -4 0 -6 -1z M362 235 c-6 -2 -8 -5 -7 -9 1 -3 1 -5 -1 -8 -1 -3 -1 -8 -1 -14 -1 -9 -1 -9 2 -11 l3 -3 2 2 c1 1 4 8 8 14 5 11 5 12 5 18 0 11 -3 13 -11 11z M80 172 c-1 -2 -2 -3 -1 -4 2 -2 0 -4 -3 -2 -2 2 -39 4 -41 3 -1 -1 -2 -1 -4 1 l-3 3 -2 -2 c-1 -2 -2 -2 -3 -1 -1 1 -7 1 -12 2 l-11 1 0 -12 c0 -12 0 -12 2 -11 1 2 2 2 3 1 0 -1 2 -1 4 -1 1 1 3 0 4 0 1 -1 11 -2 12 -1 0 1 1 1 2 0 3 -3 12 -4 15 -1 1 2 2 3 1 4 -2 1 7 1 14 -1 5 -2 18 -2 19 -1 1 1 2 0 4 -2 3 -2 4 -3 6 0 2 1 2 1 4 -1 1 -1 4 -1 6 -2 3 0 5 0 7 -1 3 -2 23 -3 24 -2 0 1 1 0 3 -2 1 -2 3 -3 3 -2 0 0 1 0 2 -1 0 -1 1 0 3 1 3 3 3 18 1 20 -2 1 -3 6 -1 7 1 0 -3 5 -4 5 -3 0 -6 -5 -6 -7 0 -3 0 -3 -2 -2 -3 2 -35 5 -36 3 -2 -2 -6 2 -4 4 1 1 0 2 -1 4 l-3 2 -2 -2z M233 164 c-1 -2 -2 -5 -2 -9 -1 -10 -1 -10 22 -14 l19 -4 3 3 c1 2 2 3 3 3 0 0 -1 -1 -2 -2 -1 -2 -2 -4 -2 -6 0 -3 0 -3 -3 -2 -1 1 -10 3 -20 5 l-18 3 -2 -2 c-4 -3 -5 -14 -2 -18 2 -1 3 -2 4 -1 1 0 3 0 4 -1 0 -1 2 -1 3 -1 1 1 4 0 8 -2 3 -1 7 -2 11 -2 3 -1 7 -1 9 -2 2 -1 3 -1 4 0 2 1 2 1 2 0 0 -1 1 -3 3 -4 l3 -3 3 3 4 3 0 9 c0 4 0 8 -1 8 -3 2 -3 5 -1 7 l2 3 -2 3 c-2 1 -2 2 -1 2 1 -1 2 0 4 1 2 3 1 16 -2 20 l-2 2 -24 0 c-24 0 -25 0 -27 -2z M350 122 c-2 -2 -2 -3 0 -4 1 -2 1 -2 0 -4 -3 -3 -4 -15 -2 -18 3 -2 9 -4 11 -3 1 1 2 1 4 0 1 -1 2 -2 3 -1 3 0 3 -2 2 -4 -2 -1 -2 -2 0 -4 l2 -2 3 2 2 2 3 -3 c3 -2 4 -3 5 -2 1 1 3 1 4 0 2 -1 2 -1 5 1 2 2 2 3 2 13 0 5 0 10 0 10 2 0 41 -12 66 -20 9 -2 12 -3 13 -2 1 1 1 -2 1 -18 l1 -18 4 -4 c4 -4 5 -4 7 -3 2 1 2 1 4 0 2 -3 9 1 9 5 0 1 1 0 3 -2 4 -3 3 -6 0 -2 l-3 2 -2 -2 -2 -3 2 -2 c2 -1 3 -2 4 -1 1 1 2 1 3 -1 l3 -2 2 2 c1 2 2 3 1 3 -2 2 -1 3 1 3 2 0 3 -1 6 -4 3 -3 5 -5 8 -6 2 -1 4 -1 5 -2 1 -2 7 -4 9 -3 1 2 2 2 4 0 1 -2 3 -3 3 -2 0 0 2 -2 4 -4 3 -3 4 -3 6 -2 1 1 1 1 2 0 0 0 1 -2 3 -4 1 -2 2 -3 2 -4 -1 0 0 -2 1 -3 l3 -2 2 2 c2 2 2 3 0 4 -1 1 -1 1 0 2 2 1 3 1 3 0 -1 -1 1 -4 5 -7 l6 -5 52 0 c40 0 53 0 52 1 0 1 0 1 2 0 1 0 12 -1 25 -1 l23 0 -2 2 c-1 2 -14 7 -43 17 -38 14 -41 15 -40 17 4 4 1 18 -4 16 -1 0 -1 0 0 1 1 1 1 2 -1 4 -3 3 -14 3 -17 -1 -1 -1 -2 -2 -2 -2 1 0 0 -1 -2 -3 -2 -2 -3 -3 -3 -6 l0 -3 -2 2 c-2 1 -106 37 -121 41 -4 1 -4 1 -3 3 3 2 2 7 0 9 -1 2 -4 2 -10 2 -8 1 -12 -1 -12 -6 0 -2 0 -2 -2 -1 -1 2 -21 7 -61 17 -22 6 -20 6 -19 8 1 2 1 2 -1 4 -5 5 -17 3 -17 -3 0 -1 -1 -1 -2 0 -1 1 -3 2 -3 2 -1 -1 -2 0 -3 0 0 1 -1 1 -1 0 -1 0 -2 0 -2 1 -1 1 -2 1 -3 1 -1 -1 -2 -1 -2 0 -1 1 -2 1 -3 0 0 -1 -1 -1 -2 0 -2 2 -2 2 -4 0z m273 -94 c0 -2 0 -2 -2 -1 -1 1 -1 2 0 3 2 2 2 1 2 -2z M172 105 c-3 -1 -9 -7 -9 -9 -1 -1 0 -2 1 -3 1 -2 1 -2 0 -3 -1 -1 -1 -2 1 -3 1 -2 1 -2 -1 -5 -2 -2 -3 -4 -3 -6 -1 -5 -1 -7 -1 -13 -3 -17 15 -28 25 -15 l2 2 0 -3 c0 -1 1 -3 2 -4 1 -2 1 -2 0 -4 -2 -2 -2 -2 1 -4 3 -3 3 -3 12 -3 10 0 10 1 13 4 4 3 4 4 2 5 -1 2 -1 2 4 4 10 3 13 10 8 17 l-3 3 -3 -2 c-1 -1 -2 -3 -1 -4 0 -1 -1 -1 -3 1 -1 1 -2 1 -4 -1 -3 -4 -6 -4 -11 -1 -7 4 -15 1 -16 -5 -1 -2 -1 -1 -1 2 0 2 0 5 -1 6 -1 1 -1 6 -1 10 0 5 0 9 -1 10 -1 1 0 2 1 4 2 1 2 1 1 3 -2 2 -2 2 0 4 6 5 -6 16 -14 13z M304 84 c-5 -4 -6 -6 -3 -9 2 -2 2 -2 6 0 2 0 4 1 6 1 2 -1 3 0 5 1 l2 3 -3 3 c-5 5 -9 5 -13 1z M322 53 c-3 -3 -3 -5 1 -9 4 -5 15 -3 21 4 3 3 -3 8 -6 6 -2 -2 -5 -2 -8 -1 -2 3 -5 2 -8 0z6:["$","$L13",null,{"locale":"zh","other":"/en/blog/when-answers-are-no-longer-scarce/","children":[["$","article",null,{"className":"gallery-module__3h_Zma__reading","children":[["$","$L14",null,{"as":"header","className":"gallery-module__3h_Zma__readingHead gallery-module__3h_Zma__chapterHead","children":[["$","svg",null,{"className":"gallery-module__3h_Zma__chapterArt","viewBox":"0 20 1448 463","aria-hidden":true,"children":[["$","filter",null,{"id":"chapter-wash-when-answers-are-no-longer-scarce","x":"-5%","y":"-5%","width":"110%","height":"110%","children":[["$","feTurbulence",null,{"type":"fractalNoise","baseFrequency":".03","numOctaves":"2","seed":"3","result":"n"}],["$","feDisplacementMap",null,{"in":"SourceGraphic","in2":"n","scale":"6"}]]}],["$","filter",null,{"id":"chapter-soft-when-answers-are-no-longer-scarce","x":"-20%","y":"-20%","width":"140%","height":"140%","children":[["$","feTurbulence",null,{"type":"fractalNoise","baseFrequency":".015","numOctaves":"3","seed":"7","result":"n"}],["$","feDisplacementMap",null,{"in":"SourceGraphic","in2":"n","scale":"24"}],["$","feGaussianBlur",null,{"stdDeviation":"2.5"}]]}],["$","filter",null,{"id":"chapter-edge-when-answers-are-no-longer-scarce","children":["$","feGaussianBlur",null,{"stdDeviation":"16"}]}],["$","mask",null,{"id":"chapter-mask-when-answers-are-no-longer-scarce","children":["$","rect",null,{"x":24,"y":44,"width":1400,"height":415,"fill":"#fff","filter":"url(#chapter-edge-when-answers-are-no-longer-scarce)"}]}],["$","g",null,{"mask":"url(#chapter-mask-when-answers-are-no-longer-scarce)","children":[[["$","path","81",{"fill":"#f3d9a4","opacity":0.45,"d":"M180 140 C180 30 446 19 636 30 C940 52 959 162 788 228 C598 272 218 250 180 140 Z","filter":"url(#chapter-soft-when-answers-are-no-longer-scarce)"}]],["$","g",null,{"transform":"translate(0 483) scale(1 -1)","filter":"url(#chapter-wash-when-answers-are-no-longer-scarce)","children":[["$","path","#f8f4ea4545",{"fill":"#f8f4ea","d":"$15"}],"$L16","$L17","$L18","$L19","$L1a","$L1b","$L1c","$L1d"]}],[],"$L1e"]}]]}],"$L1f","$L20","$L21","$L22"]}],"$L23"]}],"$L24"]}]
27:I[23562,["/_next/static/chunks/01xlw8hd842-c.js","/_next/static/chunks/0d3shmwh5_nmn.js","/_next/static/chunks/0hgnuhfhd71n8.js","/_next/static/chunks/0pu6xgl0t.okr.js"],"InkRule"]
29:I[76440,["/_next/static/chunks/01xlw8hd842-c.js","/_next/static/chunks/0d3shmwh5_nmn.js","/_next/static/chunks/0hgnuhfhd71n8.js","/_next/static/chunks/0pu6xgl0t.okr.js"],"EraseLink"]
16:["$","path","#f2c46d700",{"fill":"#f2c46d","d":"M914 446 c-7 -3 -8 -6 -7 -13 2 -8 5 -12 9 -9 2 1 2 1 5 -1 l3 -2 2 2 c2 3 6 12 6 14 0 3 -6 9 -8 9 0 0 -1 -1 -2 -2 -1 -1 -2 -1 -3 1 -2 2 -3 2 -5 1z M820 419 c-3 -1 -8 -6 -8 -9 0 -9 5 -17 10 -16 1 0 2 1 3 1 0 1 2 0 3 -1 l4 -2 2 3 c3 3 7 12 7 15 0 5 -10 12 -13 9 -2 -2 -2 -2 -3 -1 -1 2 -2 2 -5 1z M716 398 c-4 -2 -10 -8 -10 -11 0 -4 4 -21 6 -23 2 -2 3 -2 8 0 5 1 5 1 10 -1 l5 -3 2 3 c3 3 10 20 10 24 0 3 -7 10 -13 12 -5 2 -13 1 -18 -1z M465 384 c-13 -3 -26 -12 -28 -21 -2 -7 8 -48 12 -53 l2 -2 4 3 c10 6 29 5 39 -3 l4 -3 2 2 c1 2 5 10 9 20 14 31 14 35 4 45 -10 12 -31 17 -48 12z M618 354 c-10 -2 -18 -9 -18 -16 0 -7 5 -27 7 -30 2 -2 3 -2 5 -1 6 4 17 3 22 -1 l3 -2 2 2 c3 4 12 27 12 32 0 10 -18 19 -33 16z"}]
17:["$","path","#9fb7c9332",{"fill":"#9fb7c9","d":"M183 333 c-14 -2 -35 -13 -32 -17 1 -1 1 -1 0 -1 -2 2 -9 -10 -19 -33 -6 -14 -6 -18 -2 -21 4 -4 14 -4 18 -1 1 2 2 3 1 4 0 1 0 1 1 1 1 -1 2 0 3 1 l3 2 1 -8 c0 -5 0 -10 -1 -17 l-2 -10 2 -3 c8 -7 46 -10 67 -5 12 3 13 5 10 21 -1 7 -1 11 0 15 0 2 1 3 1 2 0 -2 1 -4 4 -6 7 -7 22 -2 22 7 0 5 -7 38 -9 44 -3 8 -7 11 -20 17 -15 8 -32 10 -48 8z"}]
18:["$","path","#f1b98a246",{"fill":"#f1b98a","d":"M309 291 c-3 0 -9 -3 -14 -5 -13 -6 -15 -8 -21 -24 -8 -21 -8 -21 -4 -24 4 -4 13 -6 16 -4 1 1 2 1 3 1 0 -1 0 -19 -1 -25 -1 -8 -1 -8 1 -11 9 -9 54 -9 63 1 2 2 2 2 1 10 -3 17 -2 26 1 24 3 -3 15 0 19 4 l2 3 -5 14 c-7 22 -9 25 -24 31 -13 6 -24 7 -37 5z"}]
19:["$","path","#8a7f72416",{"fill":"#8a7f72","d":"M158 226 c-4 -4 -4 -16 1 -80 0 -5 0 -6 -1 -13 -2 -12 -1 -29 2 -32 l2 -3 4 3 c6 5 16 4 20 -1 1 -2 1 -2 3 0 2 1 2 1 2 -6 -1 -9 -2 -18 -4 -24 -1 -7 5 -11 17 -11 12 0 18 5 18 16 0 4 1 14 2 23 2 8 3 20 4 26 1 5 2 16 3 25 1 9 3 25 4 37 l2 22 -2 8 c-3 11 -5 12 -12 10 -16 -4 -38 -4 -56 1 l-7 2 -2 -3z m38 -77 c0 -8 0 -15 -1 -19 l-2 -6 0 6 c-1 3 -2 7 -2 8 -1 2 -1 4 0 4 0 1 1 4 1 6 0 2 1 9 1 15 l1 11 1 -6 c1 -4 1 -12 1 -19z"}]
1a:["$","path","#6f8299436",{"fill":"#6f8299","d":"M289 196 c-3 -4 -4 -10 -2 -34 4 -45 4 -48 4 -49 -1 -1 0 -8 1 -15 1 -12 1 -14 4 -16 l2 -3 3 2 c5 5 13 6 16 2 1 -1 1 -1 3 1 2 1 2 1 3 -3 0 -3 0 -6 0 -8 -4 -14 -1 -20 8 -19 8 1 12 4 12 11 0 2 1 12 2 21 2 10 3 21 4 25 0 4 1 10 1 14 1 3 2 18 4 32 3 30 3 34 -2 39 l-3 2 -7 -2 c-6 -1 -12 -2 -20 -2 -11 0 -16 1 -29 4 -1 0 -2 -1 -4 -2z m33 -70 c0 -10 -2 -18 -2 -11 0 1 0 3 0 5 0 1 -1 2 -2 3 -1 1 -1 2 0 3 2 1 2 3 2 7 0 5 0 6 1 4 0 -1 1 -7 1 -11z"}]
1b:["$","path","#dbe8f1409",{"fill":"#dbe8f1","d":"M355 164 c-1 -2 -2 -6 -4 -20 l-2 -18 2 -3 c2 -1 6 -2 12 -3 l9 -2 3 2 c1 1 2 3 2 4 0 2 8 3 13 1 2 0 2 -1 2 -4 0 -8 1 -8 34 -17 15 -4 32 -8 37 -10 l8 -2 3 2 c1 1 2 3 2 5 1 4 11 5 19 3 3 -1 3 -1 3 -8 0 -8 2 -11 11 -13 4 -1 30 -10 58 -20 l52 -17 3 2 c1 2 2 4 2 6 0 2 1 3 3 4 3 1 18 2 23 0 l3 -1 0 -10 c0 -13 -1 -13 30 -23 13 -5 32 -12 42 -16 l18 -6 353 0 352 0 0 83 0 82 -475 0 c-261 0 -506 0 -545 1 l-70 0 -3 -2z"}]
25:T65d,M140 157 c-3 -4 -3 -13 0 -17 l3 -2 -3 0 c-3 1 -11 2 -13 2 -1 0 -2 1 -3 2 -1 0 -3 1 -6 1 -2 0 -5 0 -6 1 -2 1 -14 3 -20 4 -10 0 -13 1 -14 2 -1 0 -3 1 -4 1 -1 0 -6 0 -11 1 -5 1 -10 1 -11 2 -1 0 -4 0 -7 0 -3 1 -4 1 -6 -2 l-3 -3 -14 2 c-8 1 -15 2 -16 2 -1 0 -3 1 -4 2 -2 1 -2 -1 -2 -77 l0 -78 289 0 288 0 -6 6 c-6 6 -6 6 -8 5 -2 -2 -6 -1 -6 2 1 1 -5 6 -7 6 -2 0 -4 1 -6 3 -3 3 -4 3 -5 1 -2 -1 -2 -1 -3 0 -1 1 -2 1 -3 1 -1 -1 -1 -1 0 0 1 4 -13 13 -18 10 -1 -1 -2 0 -6 3 -3 2 -4 3 -5 2 -1 -1 -2 0 -4 1 -2 2 -2 2 -6 1 -3 -1 -4 -1 -5 1 -1 1 -2 1 -4 0 -1 -2 -2 -1 -5 1 -6 5 -7 9 -6 11 2 1 2 4 2 14 0 11 0 12 -2 14 -2 2 -21 8 -65 21 l-12 3 -3 -2 c-3 -3 -3 -16 0 -19 4 -2 8 -4 9 -4 1 1 3 0 4 -2 2 -1 2 -2 1 -2 -1 0 -2 1 -3 1 -1 1 -2 2 -2 1 -1 0 -2 1 -3 1 -1 2 -2 2 -3 1 -1 -1 -1 -1 -3 0 -1 1 -4 2 -7 2 -3 0 -6 0 -7 1 -1 0 -3 1 -4 1 -1 1 -4 3 -7 5 -2 2 -5 3 -6 3 0 -1 -1 0 -2 0 0 1 -1 1 -2 0 -1 0 -3 0 -4 1 -6 6 -9 2 -11 -13 -3 -14 -3 -20 0 -23 3 -3 4 -11 1 -13 -7 -7 -9 -8 -15 -8 -6 0 -7 0 -10 -3 -11 -11 -23 -3 -21 13 1 9 0 18 -2 20 0 1 -1 6 -2 12 -2 20 -3 23 -6 26 -1 2 -3 3 -4 3 -5 -1 -11 1 -14 4 -2 1 -4 2 -5 2 -1 -1 -2 0 -3 0 0 1 -1 1 -2 0 0 0 -2 0 -2 1 -2 1 -10 3 -12 3 0 0 -2 0 -4 1 -3 0 -5 1 -6 1 -2 1 -3 1 -4 1 -2 1 -3 1 -5 -1 -2 -2 -2 -5 -5 -21 -3 -26 -3 -29 3 -35 4 -4 4 -4 5 -10 0 -7 0 -7 -3 -10 -1 -2 -4 -3 -6 -4 -1 0 -4 -1 -5 -3 -5 -4 -16 -5 -25 -3 -4 1 -4 1 -4 4 0 4 -4 9 -6 7 -3 -2 -10 -2 -14 0 -6 3 -7 7 -7 23 0 10 0 14 -2 15 0 2 -1 4 -1 7 0 29 0 38 1 44 3 17 1 23 -11 24 -5 1 -6 1 -8 -1z m319 -99 c2 -3 2 -3 0 -3 -1 1 -2 1 -2 0 -1 -1 -6 -1 -5 1 1 2 3 5 4 5 0 0 2 -1 3 -3z m8 -5 c-2 -1 -5 2 -3 3 1 1 2 0 3 -1 2 -1 2 -1 0 -2z1c:["$","path","#e2ebc61629",{"fill":"#e2ebc6","d":"$25"}]
1d:["$","path","#c8503c105",{"fill":"#c8503c","d":"M304 67 c-4 -4 -6 -13 -6 -25 0 -13 13 -18 21 -9 3 3 3 3 2 9 0 3 0 9 0 14 0 9 -1 9 -4 12 -5 4 -9 4 -13 -1z"}]
26:T46fd,M911 444 c-4 -2 -5 -5 -3 -12 2 -13 5 -16 13 -15 3 1 3 2 6 7 6 14 6 17 1 20 -4 2 -12 3 -17 0z m17 -2 c3 -2 3 -5 -1 -13 -2 -6 -3 -7 -4 -5 -1 1 -8 1 -10 0 -2 -1 -6 14 -4 17 4 4 13 5 19 1z m-12 -20 c0 -3 -1 -4 -3 -2 -1 2 -1 2 1 3 2 1 3 1 2 -1z m8 0 c0 -1 -2 -3 -3 -3 0 0 -1 1 -1 2 -1 3 2 3 4 1z M916 440 c-2 -2 -1 -3 1 -2 4 4 5 0 2 -4 -1 -1 -2 -2 -2 -3 1 -1 6 5 6 8 -1 2 -5 3 -7 1z M818 418 c-6 -3 -7 -5 -4 -17 3 -11 4 -13 10 -14 7 -1 8 1 13 11 2 6 4 11 4 12 0 8 -13 13 -23 8z m17 -2 c4 -2 5 -5 3 -12 -5 -12 -11 -19 -11 -12 0 3 0 3 2 2 3 -1 4 -1 2 1 -3 1 -11 2 -11 0 -1 -1 -1 -1 -2 -1 -1 0 -4 16 -4 18 2 5 13 8 21 4z m-12 -24 c0 -3 0 -3 -3 -2 -3 1 -3 3 0 4 4 1 4 1 3 -2z M823 412 c-1 0 -1 -1 -1 -2 1 0 1 0 2 1 0 1 5 1 5 0 0 -1 -1 -3 -2 -3 -1 -1 -2 -3 -2 -4 0 -1 1 0 3 2 2 1 3 3 3 4 0 4 -6 5 -8 2z M195 402 c-4 -2 -8 -6 -8 -8 0 -1 -2 -2 -3 -2 -6 0 -14 -7 -11 -10 0 -1 0 -2 -1 -4 -2 -4 -3 -10 0 -13 1 -1 2 -4 3 -6 2 -5 8 -14 10 -15 2 0 1 -2 -1 -3 -2 0 -4 -3 -5 -5 -2 -3 -4 -4 -13 -7 -15 -6 -17 -8 -25 -25 -9 -18 -14 -31 -14 -35 -1 -2 -1 -5 -2 -6 -1 -1 -1 -4 -1 -5 1 -2 1 -5 2 -7 0 -3 1 -5 3 -6 2 -1 5 -5 7 -9 3 -6 7 -11 15 -22 3 -3 3 -4 4 -21 1 -10 1 -21 2 -24 l0 -7 -3 0 c-1 1 -5 1 -8 2 -6 0 -6 0 -6 3 -1 6 -12 7 -12 1 0 -2 0 -2 -4 -2 -3 1 -11 1 -20 2 -15 1 -15 1 -15 4 -1 5 -11 6 -11 1 0 -2 0 -2 -10 -2 -5 1 -15 1 -22 2 -11 0 -12 0 -12 2 0 3 -4 4 -7 4 -2 -1 -3 -2 -3 -3 0 -2 -1 -2 -12 -1 -8 0 -12 0 -10 -1 1 0 5 -1 10 -1 4 0 9 -1 10 -1 2 -1 -2 -1 -10 0 -9 0 -12 0 -12 -1 1 0 4 -1 6 -1 3 0 8 0 12 -1 l6 0 0 -6 0 -6 -8 1 c-5 1 -9 1 -10 1 -3 0 -5 0 -5 -1 0 0 5 -1 11 -2 6 0 13 -1 17 -2 4 0 10 -1 14 -1 3 -1 8 -1 9 -1 7 -1 20 -3 22 -3 1 0 3 -1 4 -1 1 -1 4 -2 14 -2 6 -1 18 -3 20 -4 1 0 4 -1 8 -1 4 0 6 -1 5 -2 0 0 1 -1 2 -1 1 0 4 0 6 0 2 -1 6 -1 8 -2 1 0 4 0 5 -1 4 -1 2 2 -2 4 l-4 2 0 8 c0 9 0 9 2 9 1 -1 5 -1 9 -2 3 0 6 -1 7 -1 0 -1 0 -15 -1 -21 -1 -6 -1 -15 -1 -44 0 -3 1 -5 2 -7 1 -1 1 -4 1 -14 -1 -14 1 -20 5 -24 6 -5 13 -5 19 -1 l3 2 0 -5 c0 -7 2 -9 11 -10 10 0 16 1 19 4 2 1 5 3 6 3 2 1 5 3 7 5 4 4 4 4 4 11 -1 6 -1 7 -4 9 -2 2 -4 3 -5 3 -2 0 -2 9 2 34 l2 20 3 0 c2 0 3 0 3 -1 0 0 2 -1 3 -1 2 1 4 0 3 0 0 -1 3 -1 5 -1 1 0 1 0 1 -1 0 -1 0 -1 1 -1 1 1 10 -1 12 -2 0 -1 2 -1 2 -1 1 1 2 1 2 0 1 0 2 0 4 0 1 0 4 0 5 -1 1 0 1 -1 0 -1 0 0 -1 0 -1 -1 0 -1 9 -3 10 -2 1 0 1 0 1 -1 0 0 2 0 4 0 l4 0 1 -9 c0 -5 1 -13 2 -18 1 -6 2 -11 2 -12 2 -2 3 -10 2 -19 -2 -11 2 -19 11 -21 4 0 9 2 12 5 3 3 3 3 9 3 7 0 10 1 17 8 4 4 4 12 0 15 -3 3 -3 6 0 29 2 10 3 20 4 23 0 5 1 6 2 6 1 -1 5 -2 9 -2 3 -1 8 -3 10 -3 l4 -1 0 -10 c0 -10 0 -11 -2 -10 -1 0 -3 1 -4 2 -1 1 -2 2 -4 1 -1 0 -2 0 -2 1 -1 2 -4 3 -4 1 0 -1 -2 -1 -4 0 -2 1 -5 1 -5 1 -1 -1 0 -1 2 -2 2 0 3 -1 4 -2 0 -1 1 -1 2 -1 2 1 3 1 3 0 1 0 2 0 4 -1 1 0 3 0 3 -1 0 -1 1 -1 2 -1 0 1 2 1 3 0 l2 -1 -2 -1 c-1 -1 -2 -1 -1 -2 0 -1 0 -1 1 0 0 1 4 0 7 -2 1 -2 6 -2 7 -1 1 2 -2 3 -4 2 -1 -1 -2 0 -4 1 -2 2 -2 2 -2 21 0 16 0 18 2 18 0 -1 4 -1 7 -1 l6 0 0 -3 c0 -3 -1 -4 -2 -5 -4 -1 -4 -5 -1 -8 3 -1 3 -2 3 -12 0 -10 0 -11 -2 -12 -1 0 -2 -1 -2 -1 0 -1 1 -1 2 -1 1 1 4 1 5 2 2 0 2 0 1 -2 -1 -2 0 -3 2 -1 1 1 2 2 3 2 2 0 2 0 1 -1 -2 -2 -1 -3 3 -2 4 0 4 0 3 -1 -2 -2 -2 -2 1 -2 2 0 5 -1 7 -2 1 -1 2 -1 2 0 0 1 -1 2 -3 2 -1 1 -3 2 -4 3 -1 1 -3 2 -4 2 -2 0 -2 0 -1 1 2 2 1 3 -2 3 -1 -1 -4 0 -6 1 l-4 1 0 10 c0 8 0 9 2 9 0 -1 8 -3 17 -6 13 -3 46 -14 58 -17 l3 -1 0 -14 c0 -14 -1 -16 -3 -13 -1 0 -2 1 -3 1 -1 0 -1 1 0 3 2 1 0 1 -5 0 -2 -1 -3 0 -4 2 -3 4 -4 4 -4 -1 0 -4 0 -4 -3 -3 -3 0 -4 -1 -1 -3 1 -1 2 -1 2 0 1 1 1 1 2 0 1 -2 2 -1 2 4 1 2 1 2 1 -1 1 -4 2 -4 5 -1 l2 2 -1 -3 c0 -4 0 -4 6 -2 1 0 3 -2 3 -5 0 -2 1 -3 2 -3 1 0 3 -1 5 -3 3 -3 4 -3 6 -1 2 1 2 1 3 0 1 -2 2 -2 7 0 7 2 8 1 6 -2 -3 -2 -2 -4 1 -2 2 2 9 5 9 5 0 -1 -1 -2 -2 -3 -3 -3 -3 -4 0 -3 1 1 3 1 4 1 2 0 2 0 0 -2 -3 -2 -2 -3 1 -2 3 1 15 -1 14 -3 -1 0 1 -2 3 -3 6 -2 6 -3 2 -2 -3 0 -4 0 -4 -1 0 -1 1 -1 3 -1 1 0 2 0 3 -1 1 -1 1 -1 5 4 1 1 1 1 1 -1 0 -3 0 -3 3 -3 1 1 2 1 1 0 -2 0 -1 -2 1 -2 0 0 1 0 1 -1 -1 -1 0 -1 1 -1 4 0 7 -2 6 -7 0 -5 2 -3 2 2 1 5 3 3 3 -2 0 -3 2 -5 2 -3 1 2 8 6 10 6 0 0 -1 -2 -2 -3 -3 -4 -4 -7 -1 -5 3 1 8 1 6 0 -3 -2 -2 -3 2 -3 2 0 4 0 5 -1 2 -1 2 -1 2 0 0 1 -2 2 -4 3 -3 0 -3 1 -2 1 3 1 1 3 -3 3 -5 -1 -5 -1 -1 4 1 1 2 3 2 4 -1 0 -7 -2 -11 -3 -1 -1 -3 0 -4 3 -3 4 -5 5 -5 3 0 -1 0 -2 -1 -2 -2 0 -6 5 -6 6 0 1 0 1 -2 1 -2 0 -3 1 -4 3 -1 2 -3 3 -4 0 0 -2 0 -2 -4 0 -2 1 -5 2 -6 3 -1 1 -4 2 -7 3 -2 1 -4 2 -4 3 0 1 -1 2 -2 2 l-3 1 2 1 c4 2 1 3 -5 2 -5 -2 -5 -2 -6 0 0 1 -1 3 -3 4 -2 1 -2 2 -2 14 0 6 0 12 1 12 1 0 39 -14 83 -31 19 -7 36 -13 37 -14 2 0 2 -2 2 -14 0 -7 0 -13 1 -13 1 0 2 24 2 42 l0 10 4 -1 c2 -1 8 -1 13 -1 l10 1 0 -8 c0 -7 0 -8 -2 -8 -4 -1 -7 -5 -7 -9 0 -4 1 -6 6 -8 l3 -2 0 -8 c0 -7 0 -8 2 -8 1 0 1 1 1 5 0 11 -2 11 18 2 11 -4 18 -7 20 -7 2 0 -3 3 -21 11 -27 11 -29 12 -26 18 1 1 2 3 4 3 1 0 22 -7 46 -16 32 -12 45 -16 48 -16 3 0 0 2 -16 8 -11 4 -32 11 -47 16 l-26 10 0 11 c0 13 0 12 -10 14 -8 1 -18 0 -21 -3 -1 -1 -2 -3 -2 -6 l0 -5 -55 18 c-30 11 -57 20 -61 21 l-6 1 0 8 c0 4 0 8 -1 9 -1 2 -8 3 -14 3 -9 -1 -11 -2 -11 -7 0 -2 0 -4 -1 -4 -1 0 -10 2 -21 5 -11 3 -28 8 -39 11 l-19 5 0 5 c0 6 0 6 -3 7 -4 1 -9 1 -13 0 -3 -1 -3 -2 -3 -5 0 -3 0 -3 -2 -3 -1 1 -7 2 -12 3 -5 1 -9 2 -10 2 0 0 1 9 2 20 l3 19 546 0 c389 0 546 0 546 1 0 1 -157 1 -546 1 -519 0 -546 0 -546 2 0 11 2 20 6 26 11 19 14 26 12 36 -1 7 -1 7 1 8 1 2 1 2 -3 17 -9 26 -10 27 -28 34 -8 3 -10 4 -10 5 0 1 1 2 2 2 4 0 10 7 11 14 1 2 2 4 4 5 3 4 3 11 0 14 -4 3 -4 7 -1 9 3 2 3 7 -2 11 -2 1 -3 3 -2 3 2 0 1 4 -1 6 -1 1 -4 1 -6 1 -4 0 -5 1 -5 3 -1 3 -9 3 -16 -1 -4 -2 -5 -3 -5 -2 0 3 -5 2 -9 0 -3 -2 -6 -7 -6 -10 0 -2 0 -2 -2 -2 -4 2 -13 -8 -9 -10 1 -1 1 -1 0 -3 -3 -4 -3 -11 1 -15 2 -2 3 -4 3 -5 0 -2 8 -10 16 -15 3 -2 0 -7 -4 -8 -6 -2 -19 -8 -21 -10 -3 -2 -7 -11 -12 -26 -4 -14 -5 -15 -2 -17 1 -1 1 -2 0 -8 -1 -10 -1 -11 9 -29 6 -13 8 -16 8 -20 0 -3 0 -8 1 -10 l0 -4 -26 0 -26 0 0 5 c1 2 2 12 3 21 l1 17 4 5 c5 7 12 19 14 23 1 2 2 4 4 6 2 2 4 15 2 17 -1 1 -1 2 -1 4 0 4 -6 34 -9 43 -3 10 -6 13 -19 19 -9 4 -13 8 -10 9 5 1 11 11 11 16 0 2 1 4 3 5 5 5 5 15 0 17 -3 0 -3 3 -1 8 2 6 -1 14 -6 14 -2 0 -2 1 -1 2 0 2 0 3 -3 5 -3 3 -25 3 -31 0z m4 -9 c-9 -4 -15 -8 -15 -11 0 0 0 -1 -1 -1 -1 0 0 1 0 3 2 3 7 7 13 9 4 1 7 1 3 0z m26 -1 c1 0 3 -2 3 -3 1 -1 1 -1 -1 1 -1 1 -3 2 -5 3 -1 0 -2 1 -2 1 1 0 3 -1 5 -2z m7 -19 c0 -3 0 -5 -1 -5 0 -1 -1 2 -1 5 0 4 1 6 1 6 1 -1 1 -4 1 -6z m5 -3 c1 -2 1 -2 -1 -2 -1 0 -2 1 -2 2 0 0 0 1 1 1 0 0 1 -1 2 -1z m-11 -7 c0 -4 2 -4 3 0 0 4 2 2 3 -3 1 -12 -7 -26 -13 -22 -1 1 -3 2 -5 3 l-4 1 4 4 c2 2 4 4 5 5 0 2 0 2 2 0 3 -1 4 0 2 2 -2 2 -3 8 0 11 2 3 4 2 3 -1z m12 -1 c-1 -1 -2 -3 -3 -4 -1 -1 -1 -1 -1 3 0 3 0 4 2 4 2 0 2 0 2 -3z m97 -11 l3 -1 -3 1 c-2 0 -4 0 -5 1 0 0 -2 -1 -4 -1 -3 -1 -4 0 -1 1 3 1 6 1 10 -1z m-31 -9 c-2 -2 -4 -4 -5 -6 -1 -2 -2 -3 -2 -2 0 2 3 7 6 8 4 3 5 2 1 0z m-95 -2 c4 -1 12 -7 11 -9 -1 0 -3 0 -5 1 -3 1 -10 1 -20 1 -16 1 -16 1 -11 5 3 4 15 4 25 2z m5 -10 c6 -1 27 -11 31 -14 3 -3 6 -11 9 -31 5 -23 5 -26 1 -28 -5 -1 -13 -1 -16 0 -3 2 -5 10 -4 23 1 5 1 10 0 10 -1 1 -2 -3 -2 -10 -1 -4 -2 -12 -2 -17 -1 -7 -1 -10 0 -17 3 -16 3 -16 -9 -19 -15 -4 -48 -3 -62 3 -5 1 -5 1 -2 13 1 9 1 10 0 29 -2 21 -3 23 -4 21 0 -1 0 -6 0 -12 1 -14 1 -15 -5 -14 -5 0 -5 -1 0 -2 l4 -1 -4 -2 c-4 -2 -15 -3 -18 0 -4 2 -2 9 9 34 11 23 13 24 29 31 13 5 27 6 45 3z m136 -5 c0 -1 -2 -1 -2 0 -1 1 0 3 1 2 1 0 1 -1 1 -2z m-9 -5 c1 -2 1 -2 1 0 2 4 3 2 3 -5 0 -8 -3 -14 -8 -17 -2 -1 -3 -1 -4 0 -1 2 -2 1 -2 -2 l0 -4 -10 0 c-6 0 -11 0 -11 1 0 3 1 5 3 4 1 -1 3 -1 3 0 1 0 3 0 5 1 5 0 9 3 12 8 2 4 3 5 4 4 2 -2 2 -1 1 3 -2 2 -2 6 0 9 2 2 3 1 3 -2z m10 1 c0 -3 -2 -6 -3 -5 -2 3 -1 6 1 6 1 0 2 0 2 -1z m-9 -35 c13 -5 17 -8 19 -13 3 -4 12 -31 12 -33 0 -1 -9 -5 -15 -5 l-5 -1 0 11 c0 14 0 15 -1 13 -2 -3 -3 -37 -2 -41 1 -2 1 -6 2 -10 l0 -7 -6 -2 c-15 -5 -35 -5 -50 0 l-7 2 0 7 c1 3 2 7 2 9 2 5 -2 43 -4 43 -1 0 -1 -13 1 -21 l0 -3 -5 0 c-3 1 -7 2 -10 3 -5 2 -5 2 2 21 6 18 8 20 20 25 16 7 32 8 47 2z m-203 -29 c2 0 6 1 9 2 2 0 4 1 4 1 2 1 1 -9 -1 -11 -3 -4 -17 -5 -20 -2 -1 1 -2 2 -2 4 0 1 -1 3 -1 5 -2 5 -2 5 3 3 2 -1 5 -2 8 -2z m105 -4 c5 0 11 1 14 4 3 2 3 1 2 -3 0 -2 -1 -5 -1 -6 0 -5 -11 -8 -19 -5 -5 2 -5 3 -6 10 l0 5 3 -2 c1 -1 4 -2 7 -3z m-88 -4 c0 -2 -1 -3 -1 -3 -1 0 -1 1 0 2 0 1 0 2 1 3 1 3 1 2 0 -2z m-2 -12 c-1 -3 0 -6 1 -7 1 -3 1 -4 0 -9 -1 -3 -1 -6 -1 -6 0 -1 -12 16 -15 21 -4 6 -4 6 2 6 3 1 6 2 8 2 3 2 6 -1 5 -7z m95 3 c3 0 5 -1 5 -1 0 -2 -16 -26 -17 -26 -2 0 -4 13 -2 16 0 1 1 4 1 5 0 6 1 7 4 6 2 0 6 0 9 0z m32 -7 c4 -1 5 -2 5 -3 -2 -4 -2 -9 0 -13 1 -4 2 -6 1 -10 -1 -3 -1 -6 0 -7 0 -2 0 -4 0 -6 l-2 -4 -4 8 c-9 16 -11 20 -10 26 0 9 1 11 3 11 1 -1 4 -2 7 -2z m89 0 c3 -12 2 -17 -9 -36 -5 -10 -6 -9 -6 5 -1 7 0 11 1 15 2 4 2 6 1 10 -1 2 -1 4 -1 4 0 1 11 3 13 4 0 0 1 -1 1 -2z m-16 -6 c1 -3 1 -6 0 -7 -1 -5 -2 -3 -2 5 0 8 1 9 2 2z m-182 -3 c13 -3 36 -3 47 -1 4 1 9 2 10 3 1 0 2 0 2 -1 0 -1 1 -5 2 -10 l2 -7 -2 -22 c-1 -12 -3 -28 -4 -37 -1 -9 -2 -20 -3 -25 -1 -6 -2 -18 -4 -26 -1 -9 -2 -19 -2 -23 0 -8 -1 -10 -6 -13 -6 -2 -19 -1 -23 1 -2 2 -2 3 -2 6 2 12 3 18 4 31 1 13 3 28 5 36 1 2 0 11 -2 47 0 12 0 14 1 13 1 0 2 0 2 1 1 0 -1 1 -3 1 -2 1 -6 2 -9 2 -7 1 -9 1 -6 0 1 -1 5 -2 7 -3 l5 0 0 -6 c0 -4 0 -12 -1 -18 0 -6 -1 -16 -2 -20 0 -5 -1 -10 -1 -11 -1 0 -1 -2 0 -4 1 -2 2 -43 1 -43 0 0 -1 2 -2 3 -6 10 -20 11 -26 1 -1 -2 -2 -5 -1 -5 0 -1 0 -3 0 -5 l-1 -2 -1 2 c-1 1 -1 4 0 7 0 2 1 10 0 17 0 8 0 15 1 20 1 7 1 8 1 13 -3 42 -4 63 -4 70 1 10 1 11 4 10 1 0 6 -1 11 -2z m117 -2 c0 -3 0 -4 -1 -3 -1 2 -1 8 0 8 1 -1 1 -3 1 -5z m8 -27 c10 -3 33 -4 44 -1 4 1 8 2 9 2 1 0 2 -1 3 -5 2 -6 2 -7 -1 -29 -1 -13 -3 -28 -3 -33 -1 -6 -2 -14 -2 -18 -1 -4 -2 -15 -4 -25 -1 -9 -2 -19 -2 -21 0 -7 -2 -8 -11 -8 -6 0 -7 0 -7 1 0 2 1 14 1 19 0 2 0 11 -1 18 0 9 -1 15 0 18 0 3 1 16 0 31 0 26 0 27 2 27 4 0 -1 1 -8 2 -11 2 -11 0 -1 -2 l4 0 0 -9 c0 -4 0 -12 -1 -18 -2 -15 -2 -25 -1 -29 1 -3 1 -10 2 -17 1 -7 1 -14 2 -15 0 -2 0 -2 -3 1 -8 8 -21 2 -21 -9 0 -3 -1 -5 -1 -4 -1 0 -1 2 -1 5 0 3 -1 9 -1 15 -1 6 -2 17 -2 24 -1 7 -2 21 -2 31 -4 38 -4 37 -2 44 1 4 1 7 1 7 0 0 3 -1 7 -2z m-265 -21 c0 0 -1 -1 -2 -1 -1 -2 -1 -2 0 -4 1 -1 2 -3 2 -7 0 -7 0 -7 -4 -6 -2 0 -2 0 -2 10 l0 10 3 -1 c1 0 3 0 3 -1z m46 -6 c1 -1 -3 -1 -22 0 -12 1 -22 2 -23 2 -1 0 -2 0 -2 1 1 1 46 -2 47 -3z m9 3 c0 -1 -1 -1 -1 -2 -2 0 -2 -4 0 -5 1 0 1 -2 1 -8 l0 -7 -4 -1 -3 0 0 12 0 12 4 0 c1 0 3 0 3 -1z m-29 -4 c11 -1 20 -2 20 -2 0 0 0 -3 0 -7 l0 -7 -10 0 c-5 1 -10 2 -12 2 -1 1 -5 1 -9 1 -6 1 -9 1 -11 2 0 0 -1 0 -1 0 -1 0 -1 3 -1 6 0 5 0 6 2 6 1 0 11 -1 22 -1z m54 -2 c15 -1 17 -1 16 -3 -1 0 -27 2 -38 4 -6 1 -5 2 2 2 3 -1 12 -2 20 -3z m26 1 c0 -1 -1 -2 -1 -2 -1 0 -2 -1 -2 -3 0 -1 1 -2 2 -3 2 0 2 -19 0 -19 -1 -1 -2 -1 -2 0 -1 0 -2 1 -3 0 -2 0 -2 0 -2 14 l0 15 4 0 c3 0 4 0 4 -2z m-27 -5 l17 -1 0 -9 0 -9 -4 1 c-2 1 -4 1 -5 1 -3 -1 -16 1 -17 3 -1 1 -3 1 -4 1 -1 -1 -4 -1 -6 0 l-3 1 0 8 c0 7 0 7 2 7 1 -1 10 -2 20 -3z m84 -4 c0 -5 0 -6 -1 -5 -1 1 0 12 1 12 0 0 0 -3 0 -7z m91 0 c1 -3 1 -8 2 -10 0 -4 0 -4 -2 -3 -5 3 -12 1 -12 -3 0 -2 0 -2 -2 -2 -1 1 -11 2 -21 4 l-19 4 0 7 c2 11 -2 10 28 10 l26 0 0 -7z m-132 3 c2 0 3 -1 3 -2 0 -1 -1 -1 -3 -1 -1 1 -6 1 -10 2 -9 2 -10 4 0 3 3 -1 8 -1 10 -2z m41 -21 c0 -8 -1 -11 -2 -4 -1 6 0 11 1 11 1 -1 1 -3 1 -7z m54 3 c24 -5 25 -5 25 -7 0 -1 0 -2 -22 3 -17 3 -21 4 -21 5 0 2 0 2 2 2 1 -1 8 -2 16 -3z m36 -3 c0 -2 0 -3 -1 -3 -2 0 -3 -4 -1 -6 3 -3 3 -22 0 -22 -1 1 -2 1 -2 0 -1 -1 -2 -1 -3 0 -2 1 -2 3 -2 17 l0 16 5 0 c4 0 4 0 4 -2z m-29 -4 l18 -3 0 -10 c0 -10 0 -10 -7 -8 -1 1 -5 1 -8 2 -6 0 -16 3 -15 4 0 1 -1 1 -3 1 -2 -1 -4 -1 -5 0 0 1 -1 1 -2 1 -4 -1 -5 0 -5 7 2 11 2 11 5 10 2 0 12 -2 22 -4z m33 -3 c0 -2 0 -2 -3 -1 -4 1 -3 3 1 3 1 0 2 -1 2 -2z m33 -8 c0 0 0 -1 -1 -1 -1 0 -1 2 -1 4 0 3 0 3 1 1 0 -1 1 -3 1 -4z m-32 0 c0 -2 0 -4 0 -5 0 -1 0 -4 0 -7 0 -5 0 -5 -1 -4 -2 2 -3 20 -1 20 1 0 2 -2 2 -4z m99 1 c2 -1 1 -1 -4 -1 -4 0 -6 0 -4 1 2 1 5 1 8 0z m-24 -6 c5 -1 9 -2 9 -2 1 0 1 -1 1 -2 0 -3 0 -3 -4 -2 -2 1 -7 2 -12 3 -9 2 -10 2 -9 4 1 2 2 2 3 2 1 -1 7 -2 12 -3z m49 -12 c20 -5 53 -14 58 -16 1 0 2 -1 2 -4 0 -3 -1 -4 -7 -2 -28 9 -53 16 -62 19 -16 4 -18 6 -15 8 1 1 -2 2 24 -5z m-232 -6 c2 -1 4 -4 5 -10 0 -4 0 -4 -1 -2 -4 5 -13 7 -19 3 l-3 -1 0 3 c2 8 11 12 18 7z m313 0 c3 -1 -9 -3 -15 -1 -3 0 -3 2 1 2 3 1 13 0 14 -1z m-4 -4 l6 1 0 -6 c0 -4 0 -6 -1 -5 -2 1 -6 -3 -6 -7 0 -3 1 -3 4 -5 l3 -2 0 -16 0 -15 -3 -1 c-2 0 -3 0 -4 1 -2 1 -2 1 -4 0 -2 -1 -3 -1 -5 1 -1 1 -3 2 -4 2 -1 0 -2 31 0 46 l0 8 4 -1 c3 -1 7 -1 10 -1z m-308 -9 c3 -3 4 -10 3 -16 0 -4 0 -6 1 -8 1 -2 2 -5 2 -6 -1 -4 -4 9 -4 16 0 6 0 7 -2 9 -5 6 -14 6 -19 0 l-3 -3 0 3 c3 9 16 12 22 5z m-2 -5 c2 -3 2 -4 2 -11 0 -5 0 -10 1 -11 1 -2 1 -10 0 -12 -1 -1 -2 -3 -4 -3 -10 -6 -20 4 -18 17 0 6 0 8 1 13 0 8 12 12 18 7z m133 1 c2 -1 5 -6 5 -8 0 0 -2 0 -4 1 -4 1 -8 1 -11 -2 l-3 -2 0 3 c0 6 8 11 13 8z m247 -21 l61 -20 0 -7 c0 -3 0 -6 -1 -6 -1 0 -11 4 -22 8 -33 13 -68 26 -87 33 -21 7 -21 7 -20 11 1 3 1 4 69 -19z m-243 9 c2 -2 3 -4 3 -5 0 -1 -1 -1 -3 1 -4 4 -11 4 -15 0 -3 -3 -3 -3 -3 -1 0 7 12 11 18 5z m-2 -5 c2 -2 3 -3 3 -11 0 -5 0 -11 0 -14 1 -7 -1 -11 -8 -12 -9 -1 -13 6 -11 20 1 4 1 9 2 11 1 7 9 10 14 6z m-88 -7 c5 -6 2 -9 -9 -14 -10 -4 -15 -5 -22 -5 -8 1 -8 2 -8 8 1 9 7 11 15 7 6 -3 12 -2 12 3 0 2 2 2 3 0 1 -3 5 -4 5 -1 0 1 -1 2 -2 3 -1 2 -1 2 1 2 2 0 4 -1 5 -3z m-15 -3 c-1 -1 -3 -1 -5 -1 -2 1 -2 1 0 2 1 0 3 1 4 1 2 0 2 0 1 -2z m132 -3 c2 -3 1 -5 -6 -8 -3 -2 -6 -3 -10 -3 l-6 0 0 4 c-1 2 -1 4 -1 5 1 1 6 1 8 -1 3 -1 7 -1 8 1 1 1 1 1 3 0 2 -1 4 0 2 3 -1 1 -1 2 0 2 1 0 2 -1 2 -3z m304 2 l4 -2 -3 -1 c-4 -1 -21 -1 -23 1 -3 3 14 4 22 2z m-420 -10 c-2 -3 -8 -6 -10 -6 -1 0 -3 -1 -4 -3 -3 -2 -4 -3 -12 -3 -11 0 -14 1 -14 4 -1 3 -1 3 3 2 11 -2 27 2 35 8 3 1 4 1 2 -2z m117 0 c0 -1 -2 -2 -4 -3 -2 -1 -4 -2 -4 -3 0 -2 -10 -4 -13 -2 -4 1 -2 3 4 3 4 0 7 1 11 3 6 3 6 3 6 2z M153 307 c0 -5 1 -7 1 -5 0 3 0 7 0 10 0 2 -1 0 -1 -5z M240 306 c-2 -3 -3 -7 -3 -8 -1 -2 0 -1 1 3 2 3 3 7 4 8 1 1 1 2 0 2 0 0 -1 -2 -2 -5z M186 235 c5 -2 23 -2 26 0 2 0 0 1 -9 1 -6 0 -13 0 -16 0 l-5 1 4 -2z M355 268 c-1 -3 -2 -6 -2 -6 0 -1 1 1 2 4 1 4 2 7 2 7 -1 0 -2 -2 -2 -5z M309 206 c2 -2 12 -3 19 -3 11 1 10 3 -2 3 -6 0 -13 0 -14 0 -2 1 -3 1 -3 0z M170 149 c-5 -2 -3 -3 4 -3 3 0 8 0 10 0 l3 -1 -3 2 c-2 3 -10 4 -14 2z M301 126 c-4 -2 -2 -2 4 -3 3 0 6 0 7 0 2 -1 2 -1 2 0 0 3 -8 5 -13 3z M717 398 c-5 -1 -10 -5 -11 -9 0 -3 5 -27 7 -31 2 -5 15 -6 20 -3 3 2 13 25 14 31 1 10 -17 18 -30 12z m17 -1 c7 -2 11 -7 11 -12 -1 -3 -8 -21 -9 -23 0 0 -2 1 -5 2 -4 2 -10 3 -14 0 -2 0 -3 -1 -4 -1 0 1 -1 6 -3 13 l-2 12 2 3 c4 6 15 9 24 6z m-12 -35 c0 -1 0 -3 0 -4 0 -3 0 -3 -3 -2 -5 2 -6 4 -3 6 3 3 8 3 6 0z m10 0 c3 -2 3 -5 -1 -6 -5 -1 -5 -1 -4 1 1 1 1 3 0 4 -2 3 1 4 5 1z m-6 -5 c-1 -1 -1 -1 -2 0 -2 1 -2 2 -1 4 1 2 1 2 2 0 1 -1 1 -3 1 -4z M723 390 c-2 0 -3 -2 -3 -2 0 -2 2 -2 2 0 1 1 2 1 4 1 5 -1 5 -4 1 -7 -3 -2 -4 -7 -2 -7 1 0 1 1 1 1 0 1 1 3 3 4 7 5 2 14 -6 10z M465 385 c-19 -4 -29 -13 -29 -27 0 -5 10 -50 13 -56 5 -12 38 -15 47 -5 5 5 25 54 25 62 0 18 -29 32 -56 26z m26 -3 c8 -2 17 -6 21 -11 9 -9 8 -13 -5 -45 -5 -11 -8 -20 -9 -20 0 0 -1 2 -3 3 -10 9 -31 10 -41 3 -3 -2 -4 -3 -4 -2 -2 4 -8 30 -10 39 -2 8 -2 11 -1 14 4 15 30 25 52 19z m-19 -69 c0 -1 -1 -3 -2 -5 -5 -5 -3 -13 3 -13 7 0 9 6 5 13 -3 6 -3 6 2 6 10 -2 18 -9 15 -14 -5 -8 -32 -8 -41 0 -4 4 -4 6 0 9 5 4 18 7 18 4z m4 -5 c3 -6 2 -11 -2 -11 -5 0 -7 6 -3 10 1 1 2 3 2 4 0 2 1 1 3 -3z M471 368 c-3 -2 -7 -8 -7 -9 1 -3 3 -2 5 1 5 10 19 6 17 -5 -1 -1 -3 -3 -6 -5 -5 -3 -7 -6 -7 -11 0 -3 3 -2 4 1 0 2 1 4 3 5 2 1 5 4 7 6 9 9 -3 22 -16 17z M473 332 c-2 -1 -1 -4 2 -4 1 0 2 0 2 2 0 2 -2 3 -4 2z M615 354 c-12 -4 -17 -10 -15 -21 1 -7 6 -25 7 -30 2 -7 20 -11 28 -5 3 2 10 19 15 32 4 11 1 17 -11 22 -5 3 -18 3 -24 2z m23 -4 c7 -3 11 -8 11 -12 0 -4 -9 -30 -11 -32 -1 0 -2 1 -4 2 -6 4 -16 5 -23 1 l-3 -2 -3 11 c-3 17 -4 23 -1 26 6 8 22 11 34 6z m-16 -41 c0 0 -1 -1 -1 -3 -2 -2 -2 -6 -1 -8 1 -1 1 -1 -2 0 -7 2 -10 5 -7 8 2 3 11 5 11 3z m12 -3 c5 -3 2 -7 -7 -9 l-3 0 1 2 c2 2 2 2 1 5 -2 5 -1 6 2 5 2 -1 4 -2 6 -3z m-9 -1 c0 -4 0 -6 -2 -6 -3 0 -3 3 -2 6 2 3 3 3 4 0z M622 343 c-2 -1 -5 -3 -5 -5 0 -2 2 -1 4 1 1 2 6 3 8 1 2 -3 0 -7 -3 -8 -4 -2 -6 -8 -2 -8 0 0 1 1 1 2 0 1 1 3 4 4 8 5 2 17 -7 13z M621 320 c-1 -2 2 -4 3 -2 1 1 1 3 -1 3 0 0 -1 0 -2 -1z M3 152 c0 0 5 -1 11 -2 29 -4 80 -13 111 -21 22 -6 26 -7 21 -4 -17 6 -80 19 -122 25 -9 1 -17 2 -19 3 -2 0 -3 0 -2 -1z M394 151 c4 0 10 0 14 0 4 0 1 1 -7 1 -8 0 -11 -1 -7 -1z M935 147 c6 0 14 0 20 0 5 0 1 1 -10 1 -11 0 -15 -1 -10 -1z M587 145 c0 -1 16 -1 36 -1 20 0 31 0 25 0 -11 1 -62 1 -61 1z M778 144 c9 0 23 0 32 0 8 0 1 1 -16 1 -18 0 -25 -1 -16 -1z M1187 144 c4 0 21 -1 39 -1 27 0 29 0 15 1 -23 1 -62 1 -54 0z M437 143 c0 -1 16 -1 36 -1 19 -1 29 0 23 0 -13 1 -60 1 -59 1z M879 140 c0 -1 7 -1 16 -1 9 -1 14 -1 13 0 -2 1 -30 1 -29 1z M1363 137 c9 0 23 0 32 0 9 0 2 1 -16 1 -18 0 -25 -1 -16 -1z M1049 137 c0 -1 17 -1 38 -1 21 -1 33 0 28 0 -11 1 -67 1 -66 1z M1238 130 c9 0 23 0 32 0 8 0 1 1 -16 1 -17 0 -24 -1 -16 -1z M500 128 c0 -1 21 -1 46 -1 25 0 40 0 34 0 -12 1 -81 1 -80 1z M729 126 c7 0 17 0 23 0 6 0 1 1 -11 1 -13 0 -18 -1 -12 -1z M5 116 c2 0 5 0 7 0 2 0 0 1 -3 1 -4 0 -6 -1 -4 -1z M875 114 c17 0 42 -1 55 -1 l24 0 -29 1 c-16 0 -41 1 -55 1 l-27 0 32 -1z M967 112 c7 0 19 0 26 0 8 0 2 1 -13 1 -15 0 -21 -1 -13 -1z M653 106 c6 0 18 0 24 0 7 0 1 1 -12 1 -13 0 -19 -1 -12 -1z M233 105 c0 -1 5 -2 10 -4 4 -1 13 -4 19 -6 6 -2 11 -3 12 -3 0 0 -8 3 -18 6 -18 6 -24 8 -23 7z M37 103 c3 0 9 0 12 0 3 0 0 1 -6 1 -7 0 -10 -1 -6 -1z M1152 99 c13 0 35 0 48 0 13 0 2 1 -24 1 -26 0 -37 -1 -24 -1z M1320 99 c15 0 41 0 56 0 16 0 3 1 -28 1 -31 0 -44 -1 -28 -1z M13 83 c6 0 16 0 21 0 6 0 1 1 -10 1 -12 0 -17 -1 -11 -1z M724 83 c8 0 71 0 71 0 0 1 -17 1 -37 1 -21 0 -36 0 -34 -1z M351 78 c0 -1 7 -4 15 -7 30 -13 64 -32 98 -55 19 -12 22 -13 5 -1 -22 15 -52 33 -76 45 -18 9 -45 20 -42 18z M253 76 c4 0 10 0 14 0 4 0 1 1 -6 1 -8 0 -11 -1 -8 -1z M429 70 c-4 0 -4 -2 -1 -2 2 0 2 0 1 -1 -1 0 -2 -1 -2 -1 0 -2 3 -1 4 1 2 1 2 1 3 0 0 -1 1 -2 2 -1 1 0 2 0 2 -1 0 -1 1 -2 2 -2 2 0 1 4 -2 5 -1 0 -3 1 -3 2 -1 0 -2 1 -2 1 -1 0 -3 0 -4 -1z M1067 69 c15 0 41 0 56 0 16 0 3 1 -28 1 -31 0 -44 -1 -28 -1z M64 68 c3 0 9 0 12 0 4 0 1 1 -6 1 -7 0 -10 -1 -6 -1z M442 64 c0 -1 3 -2 6 -3 7 -2 7 -1 0 1 -5 2 -6 2 -6 2z M1217 60 c0 -1 25 -1 56 -1 31 0 49 0 41 0 -15 1 -99 1 -97 1z M814 58 c63 -1 102 -2 81 -1 -11 0 -41 1 -67 1 -40 1 -43 1 -14 0z M50 32 c9 0 23 0 32 0 8 0 1 1 -16 1 -18 0 -25 -1 -16 -1z M383 23 c6 0 14 0 19 0 5 0 1 1 -9 1 -11 0 -15 -1 -10 -1z M251 15 c3 0 9 0 12 0 4 0 1 1 -6 1 -7 0 -10 -1 -6 -1z1e:["$","path",null,{"transform":"translate(0 483) scale(1 -1)","fill":"#2a2a2e","d":"$26"}]
1f:["$","p",null,{"className":"gallery-module__3h_Zma__label","children":[["$","span",null,{"children":"思想漫游"}],["$","time",null,{"dateTime":"2026-09-04","children":"2026年9月04日"}],false]}]
20:["$","h1",null,{"children":"当答案不再稀缺，我们还想要什么？"}]
21:["$","p",null,{"className":"gallery-module__3h_Zma__standfirst","children":"如果 Agent 能解决几乎所有说得清楚的问题，难的就会变成想要什么。这是我围绕这件事想到的几个念头，中间有一次和我爸在江边散步时的争论。"}]
22:["$","$L27",null,{"seed":"article:when-answers-are-no-longer-scarce","delay":0.2}]
23:["$","div",null,{"className":"prose-module__31PT3q__prose ","children":"$L28"}]
24:["$","$L14",null,{"as":"section","className":"gallery-module__3h_Zma__next","children":[["$","$L27",null,{"seed":"next:when-answers-are-no-longer-scarce"}],["$","p",null,{"className":"gallery-module__3h_Zma__label","children":["$","span",null,{"children":"接着读"}]}],[["$","$L29","how-intelligence-accumulates-itself",{"href":"/zh/blog/how-intelligence-accumulates-itself/","className":"gallery-module__3h_Zma__nextLink","children":["智能如何积累自己"," →"]}],["$","$L29","interface-no-longer-fixed",{"href":"/zh/blog/interface-no-longer-fixed/","className":"gallery-module__3h_Zma__nextLink","children":["当界面不再固定"," →"]}]]]}]
2a:I[23562,["/_next/static/chunks/01xlw8hd842-c.js","/_next/static/chunks/0d3shmwh5_nmn.js","/_next/static/chunks/0hgnuhfhd71n8.js","/_next/static/chunks/0pu6xgl0t.okr.js"],"InkHeading"]
28:[["$","p",null,{"children":"我最近常想一个问题：如果有一天 Agent 强到能比普通人更快、更便宜、更靠谱地解决几乎所有说得清楚的问题，人的生活会变成什么样？"}],"\n",["$","p",null,{"children":"这里的「说得清楚」范围可以很大。比如我跟 Agent 说，我想写篇文章，但还不知道想写什么，只有几个模糊的感觉。然后我们开始聊，我说一个念头，它帮我展开，展开的东西又引出新的问题，我们接着往下聊。几个小时以后，一开始说不清的东西就有了形状。这种事现在已经能做到一些了。如果它继续变强，工作、研究、工程、管理，甚至很大一部分思考，都会被算进「说得清楚的问题」里。"}],"\n",["$","p",null,{"children":"下面是我围绕这个想到的几件事，彼此有联系，但不是一条完整的论证。"}],"\n",["$","$L2a",null,{"id":"section-1","children":"每个人都有一支自己的团队"}],"\n",["$","p",null,{"children":"以前一个人的能力，差不多就是他自己学会了多少。数学、工程、设计、编程，每样都要学好几年，会的人少，也就值钱。"}],"\n",["$","p",null,{"children":"如果以后每个人都有一个了解自己的助手，背后能调几百上千个专门的 Agent，那一个人能做到的事，就不太取决于他自己会什么了。想做游戏，就去找写程序、画画、做音乐、写剧本、测试的 Agent；想研究一种病，就有 Agent 帮着读论文、设计实验、跑模拟、分析数据。"}],"\n",["$","p",null,{"children":"我觉得这其实是在给人更多的自由。人一直在被环境影响，家、学校、朋友、这个时代。我在意的是一个人还有多少种变成别的样子的可能，能不能换方向，能不能重来。Agent 让这些可能多了很多。"}],"\n",["$","$L2a",null,{"id":"section-2","children":"那时候难的是想要什么"}],"\n",["$","p",null,{"children":"但如果有一天你跟这个助手说，最近总觉得生活有点无聊，又说不上为什么，这反而可能是最难办的问题。"}],"\n",["$","p",null,{"children":"过去难的是怎么把事情做到。以后做到变容易了，难的就变成到底什么问题值得问，你自己到底想要什么。"}],"\n",["$","p",null,{"children":"所以我觉得 AI 以后很重要的一个方向，说白了就是更懂人。现在大家看 AI，看的是题有没有做对、代码能不能跑、跑分涨了多少。但一个已经很会解决问题的系统，接下来得知道什么问题值得解决，这就要懂具体的人：分得清一个人嘴上说的和真正想要的，分得清一时的刺激和长久的满足，知道什么时候帮他实现，什么时候提醒他这个未必会让他开心。光会做事不懂人，它就只是一个优化器，而优化什么才是最要紧的。"}],"\n",["$","$L2a",null,{"id":"section-3","children":"算力会变成一种预算"}],"\n",["$","p",null,{"children":"如果大部分脑力活都能交给计算，算力就会变成直接用来做事的资源。每个人有一份，家庭、公司、城市、国家也各有一份。那这些算力拿去做什么？"}],"\n",["$","p",null,{"children":"现在一个人有了钱，会想是买房、旅行、创业还是投资。以后可能会想，拿一部分算力做一个自己的游戏世界，研究爸妈身上的某种病，或者投给延长寿命的公共项目。也可以拿去拍一部只给几个朋友看的电影，或者研究一个没什么人认真研究过的数学问题，就因为觉得它好看。一群人也可以凑起来，决定一起造一艘飞船。"}],"\n",["$","p",null,{"children":"做事变便宜以后，能实现的愿望会多很多。算力投到哪，某种程度上就说明了用它的人想要什么样的世界。"}],"\n",["$","$L2a",null,{"id":"section-4","children":"我爸说人是贪婪的"}],"\n",["$","p",null,{"children":"这些我经常跟我爸聊。有一次我们在江边散步，又聊到这个。他的看法很直接：人是贪婪的，东西再多，也还是会比较、会争、会嫉妒、会想要权力，只要这些还在，技术乌托邦就不会来。"}],"\n",["$","p",null,{"children":"我也不是完全不同意。但我怀疑，我们今天看到的人性，有多少是一直都这样，有多少是在东西不够的环境里养出来的。"}],"\n",["$","p",null,{"children":"一个人从小就被告知，好学校、好工作、房子、医疗、钱、位置都是有限的，别人拿到了自己就少一份，那竞争自然会渗进生活的方方面面。然后我们看着这样长大的人，很容易说一句：人本来就是这样。"}],"\n",["$","p",null,{"children":"可如果吃的、住的、教育、医疗和大部分东西都不再是压力，很强的 Agent 也不只是少数人才有；如果普通人也能轻松做出以前只有大公司才做得出的东西，很多「别人有所以我没有」的关系慢慢没了，那时候的人会变成什么样，我们真的知道吗？"}],"\n",["$","p",null,{"children":"我不知道。但我不太相信今天的社会就是人性最后的样子。一个长期很富足、几乎没有生存压力、又有很大创造能力的文明会养出什么样的人，我们还从来没见过。"}],"\n",["$","$L2a",null,{"id":"section-5","children":"活得更久"}],"\n",["$","p",null,{"children":["这件事我在",["$","a",null,{"href":"/zh/blog/why-i-want-to-keep-living/","children":"《我为什么想活下去》"}],"里写过，这里只说一点：如果人能活几百年，人生的节奏会完全不一样。现在读书、工作、买房、成家、退休都挤在几十年里，所以很多事都急，早年选错了代价很大。如果能活几百年，二十岁选错方向，四十岁重新学物理，八十岁换个国家住五十年，都不算晚。很多现在觉得来不及的事，又都能选了。"]}],"\n",["$","$L2a",null,{"id":"section-6","children":"把世界变大"}],"\n",["$","p",null,{"children":"跟宇宙比，地球很小。我们花那么多力气去争一块地、一套房、一个位置，很大程度上是因为现在能用的世界就这么大。地球外面有多得没法想象的物质、能源和空间。"}],"\n",["$","p",null,{"children":"如果有了很强的 AI、自动化的工业，人又活得很久，星辰大海就慢慢变成能做的事了。机器和工厂先去，Agent 帮着设计能源、生命维持、材料和飞船；要做几十年、几百年的工程，对活得很久的人来说也没那么远。先是月球、火星、小行星，再往外。"}],"\n",["$","p",null,{"children":"愿望多到地球装不下的时候，除了在原来的地方接着抢，还可以把世界变大。"}],"\n",["$","$L2a",null,{"id":"section-7","children":"不只一个世界"}],"\n",["$","p",null,{"children":"愿望也不一定都得放在现实里。现在做一个大型开放世界游戏，要几百上千人做好几年。以后也许只要跟 Agent 描述：这里有两个月亮，人住在很大的浮岛上，每个人生下来会一种不同的魔法，这个世界有几千年的历史，里面的人都记得事情，我想在里面生活十年。它生成的就是一个一直在变、能进去生活、有自己规则和历史的世界。"}],"\n",["$","p",null,{"children":"有人想要很真实的历史模拟，有人喜欢奇幻和打仗，有人就想安静地种地。到那时候，「体验」可能会是最大的产业，甚至都不太能叫产业了。"}],"\n",["$","$L2a",null,{"id":"section-8","children":"工作没了以后"}],"\n",["$","p",null,{"children":"很多人担心，AI 把活都干了，人还有什么意义。我有时候觉得这个担心本身带着工业时代的习惯，好像人的价值必须靠他能给生产贡献什么来证明。"}],"\n",["$","p",null,{"children":"小孩搭积木不产生 GDP，一个人花三年研究自己喜欢的一段历史，也未必有经济价值。和朋友打游戏、旅行、谈恋爱、做音乐、养花，这些事不用先算成工作才有理由存在。"}],"\n",["$","p",null,{"children":"以后人可能终于有条件去做那些以前因为不赚钱、没时间、没用而放下的事，工作也可能变成一种自己选择参加的游戏。有人想建城市、去火星，有人喜欢经营公司、研究数学，也有人还是喜欢自己写代码，哪怕 Agent 一秒钟就写得比他好。汽车出来以后大家还在跑步，有了计算器也还有人喜欢心算。人做事也不全是为了结果。"}],"\n",["$","$L2a",null,{"id":"section-9","children":"最后剩下的问题"}],"\n","$L2b","\n","$L2c","\n","$L2d","\n","$L2e","\n","$L2f"]
30:I[23562,["/_next/static/chunks/01xlw8hd842-c.js","/_next/static/chunks/0d3shmwh5_nmn.js","/_next/static/chunks/0hgnuhfhd71n8.js","/_next/static/chunks/0pu6xgl0t.okr.js"],"InkBreak"]
2b:["$","p",null,{"children":"所以到那时候，人要学的东西也会变。现在我们花二十年教一个孩子，很多时间是在教他怎么成为一个有用的人。以后可能要花更多力气，帮他成为一个知道自己想要什么的人：分得清快乐和刺激，会跟人相处，面对几乎无限的选择，能找到一个值得花十年去弄的问题。"}]
2c:["$","p",null,{"children":"Agent 能帮人解方程，但很难替他决定为什么在意这个方程；能帮人建一座城，但为什么建、给谁建、里面的人怎么生活，还是要人自己回答。"}]
2d:["$","$L30",null,{}]
2e:["$","p",null,{"children":"我不知道这样的未来会不会来。技术不会自己变出乌托邦，新的权力、稀缺和冲突还会有，人也不会突然都变成好人。但我也不太接受另一种说法：因为今天的人贪婪、嫉妒、爱争，以后也只能这样。"}]
2f:["$","p",null,{"children":"我最希望的是，以后的小孩从小就知道，只要一件事物理上做得到，身边就有一群 Agent 能帮他做到。那他抬头看天的时候，问的可能就不只是「我以后该找什么工作」，还会问「这辈子我想去哪」「我想造点什么」「我想看到什么样的世界」。"}]
